index	sample-1	sample-2	sample-3	sample-4	sample-5	sample-6	sample-7	sample-8	sample-9	sample-10	sample-11	sample-12	sample-13	sample-14	sample-15	sample-16	sample-17	sample-18	sample-19	sample-20	sample-21	sample-22	sample-23	sample-24	sample-25	sample-26	sample-27	sample-28	sample-29	sample-30	sample-31	sample-32	sample-33	sample-34	sample-35	sample-36	sample-37	sample-38	sample-39	sample-40	sample-41	sample-42	sample-43	sample-44	sample-45	sample-46	sample-47	sample-48	sample-49	sample-50	sample-51	sample-52	sample-53	sample-54	sample-55	sample-56	sample-57	sample-58	sample-59	sample-60	sample-61	sample-62	sample-63	sample-64	sample-65	sample-66	sample-67	sample-68	sample-69	sample-70	sample-71	sample-72	sample-73	sample-74	sample-75	sample-76	sample-77	sample-78	sample-79	sample-80	sample-81	sample-82	sample-83	sample-84	sample-85	sample-86	sample-87	sample-88	sample-89	sample-90	sample-91	sample-92	sample-93	sample-94	sample-95	sample-96	sample-97	sample-98	sample-99	sample-100	sample-101	sample-102	sample-103	sample-104	sample-105	sample-106	sample-107	sample-108	sample-109	sample-110	sample-111	sample-112	sample-113	sample-114	sample-115	sample-116	sample-117	sample-118	sample-119	sample-120
Unclassified_1(k__Bacteria)	0	0	0	0	0	0	0	2	0	0	0	0	0	0	0	0	0	0	0	15	0	0	0	0	0	0	0	0	0	0	0	0	0	0	0	0	0	0	0	0	0	0	3	0	5	0	5	0	0	0	0	0	0	0	0	0	0	0	0	0	0	0	0	0	0	0	0	0	0	0	0	0	0	2	0	6	0	0	0	0	0	4	0	0	0	0	2	6	2	0	0	0	0	2	0	0	0	0	0	0	0	0	0	0	2	0	0	0	0	0	0	0	0	0	0	0	0	3	0	0
g__Actinomyces	0	0	0	0	0	0	0	0	0	0	0	0	0	0	0	0	0	0	0	15	0	0	0	0	0	0	0	0	0	0	0	0	0	0	0	0	0	0	0	0	0	0	0	0	0	0	0	0	0	0	0	0	0	0	0	0	0	0	0	0	0	0	0	0	0	0	0	0	0	0	0	0	0	0	0	0	0	0	0	0	0	0	0	0	0	0	0	0	0	0	0	0	0	0	0	0	0	0	0	0	0	0	0	0	0	0	0	0	0	0	0	0	0	0	0	0	0	0	0	0
g__Demequina	0	0	0	0	0	0	0	0	0	0	0	0	0	0	0	0	0	0	0	0	0	0	0	0	0	0	0	0	0	0	0	0	0	0	0	0	0	0	0	0	0	0	0	0	0	0	0	0	0	0	0	0	0	0	0	0	0	10	0	2	0	0	0	0	0	0	0	0	0	0	0	0	0	0	0	0	0	0	0	0	0	0	0	0	0	0	0	0	0	0	0	0	0	0	0	0	0	0	0	0	0	0	0	0	0	0	0	0	0	0	0	0	0	0	0	0	0	0	0	0
g__Corynebacterium	0	0	0	0	0	0	0	0	0	0	0	0	0	0	0	0	0	0	0	0	0	0	0	0	0	0	0	0	0	0	4	0	0	0	0	0	0	0	0	0	0	0	0	0	0	0	0	0	2	0	0	2	12	48	4	5	2	0	6	0	0	0	0	0	0	0	0	0	0	0	0	0	0	0	0	0	0	0	0	0	0	0	0	0	0	0	0	0	0	0	0	7	5	7	2	4	0	0	3	23	21	195	32	12	25	48	0	0	0	0	4	10	9	28	14	22	67	174	14	19
g__Brachybacterium	0	0	0	0	0	0	0	0	0	0	0	0	0	0	0	4	0	0	0	0	0	0	0	0	0	0	0	0	0	0	0	0	0	0	0	0	0	0	0	0	0	0	0	0	0	0	0	0	0	0	0	0	0	0	0	0	0	0	0	0	0	0	0	0	0	0	0	0	0	0	0	0	0	0	0	0	0	0	0	0	0	0	0	0	0	0	0	0	0	0	0	0	0	0	0	0	4	0	0	0	3	0	0	0	0	0	0	0	0	0	0	0	0	0	0	0	0	3	0	0
g__Dietzia	0	0	31	4	0	2	0	6	9	9	0	0	2	5	3	15	0	3	7	106	6	5	3	5	2	4	4	3	0	7	0	0	0	0	0	0	0	0	0	0	2	0	0	0	0	0	0	0	2	0	0	0	0	0	0	0	0	0	0	0	0	4	0	0	2	0	0	0	2	0	0	0	0	2	0	0	0	0	0	2	3	0	0	0	9	0	0	0	2	2	0	0	0	0	0	0	0	0	0	0	0	0	0	0	0	0	0	0	0	0	0	0	0	0	0	0	0	0	0	0
g__Microbacterium	0	0	0	0	0	0	0	0	0	0	0	0	0	0	0	0	0	0	0	0	0	0	0	0	0	0	0	0	0	0	0	0	0	0	0	0	0	0	0	0	0	0	0	0	0	0	0	0	0	0	0	0	0	0	0	0	0	0	0	0	0	0	0	0	0	0	0	0	0	0	0	0	0	0	0	0	0	0	0	0	0	0	0	0	0	0	0	0	0	0	0	0	0	0	0	0	0	0	0	0	0	0	0	0	3	0	0	0	0	0	0	0	0	0	0	0	12	0	0	2
Unclassified_51(f__Micrococcaceae)	0	0	0	0	0	0	0	0	0	0	0	0	0	0	0	0	0	0	0	15	0	0	0	0	0	0	0	0	0	0	0	0	0	0	0	0	0	0	0	0	0	0	0	0	0	0	0	0	0	0	0	0	0	0	0	0	0	0	0	0	0	0	0	0	0	0	0	0	0	0	0	0	0	0	0	0	0	0	0	0	0	0	0	0	0	0	0	0	0	0	0	0	0	0	0	0	0	0	0	0	0	0	0	0	0	0	0	0	0	0	0	0	0	0	0	0	0	0	0	0
g__Nesterenkonia	0	0	0	2	0	0	0	0	0	0	0	0	0	0	0	61	2	5	4	21	8	6	0	0	2	0	0	2	0	0	0	0	0	0	0	0	0	0	0	0	0	0	0	0	0	0	0	0	0	0	0	0	0	0	0	0	0	0	0	0	0	0	0	0	0	0	0	0	0	0	0	0	0	0	0	0	0	0	0	0	0	0	0	0	0	0	0	0	0	0	0	0	0	0	0	0	0	0	0	0	0	0	0	0	0	0	0	0	0	0	0	0	0	0	0	0	0	0	0	0
g__Rothia	0	0	2	0	0	0	0	7	0	0	0	0	0	3	0	2	3	3	10	75	7	2	0	0	7	4	4	2	2	4	0	0	2	0	0	0	2	0	0	0	0	6	0	0	0	0	0	0	0	0	2	0	0	0	0	0	0	78	0	79	0	9	2	2	0	0	0	0	4	3	0	3	0	6	0	0	0	0	0	6	0	4	0	0	6	0	0	0	0	0	0	0	0	3	0	0	0	0	0	0	0	0	0	0	0	0	0	0	0	0	0	0	0	0	0	0	0	13	0	0
g__Rhodococcus	0	0	0	0	0	0	0	0	0	0	0	0	0	0	0	0	0	0	0	0	0	0	0	0	0	0	0	0	0	0	0	0	0	0	0	0	0	0	0	0	0	0	0	0	0	0	0	0	0	0	0	0	0	0	0	0	0	0	0	0	0	0	0	0	0	0	0	0	0	0	0	0	0	0	0	0	0	0	0	0	0	0	0	0	0	0	0	0	0	0	0	0	0	0	0	0	0	0	0	0	0	0	24	0	0	0	0	0	0	0	0	0	0	0	0	0	0	0	0	0
g__Propionibacterium	0	0	0	0	0	0	0	0	0	0	0	0	6	0	0	0	0	0	0	0	0	0	0	0	0	0	0	0	0	0	0	0	0	0	0	0	0	0	0	0	0	0	0	0	0	0	0	0	0	0	0	0	0	0	0	0	0	0	0	2	0	0	0	0	0	0	0	0	0	0	0	0	0	0	0	0	0	0	0	0	0	0	0	0	0	0	0	0	0	0	0	0	3	0	0	0	11	0	0	0	0	0	5	0	0	0	0	0	0	0	0	0	0	0	0	0	0	0	0	0
g__Streptomyces	0	0	0	0	0	0	0	0	0	0	0	0	0	0	0	0	0	0	0	0	0	0	0	0	0	0	0	0	0	0	0	0	0	0	0	0	0	0	0	0	0	0	0	0	0	0	0	0	0	0	0	0	3	0	0	0	0	0	0	0	0	0	0	0	0	0	0	0	0	0	0	0	0	0	0	0	0	0	0	0	0	0	0	0	0	0	0	0	0	0	0	0	4	0	0	0	0	0	0	0	0	0	30	0	12	3	0	0	0	2	0	3	0	0	3	0	50	6	5	10
Unclassified_47(f__Bifidobacteriaceae)	0	0	0	0	0	0	0	0	0	0	0	0	0	0	0	0	0	0	0	0	0	0	0	0	0	0	0	0	0	0	0	0	0	0	0	0	0	0	0	0	0	0	0	0	0	0	0	0	0	0	0	0	0	0	0	0	0	0	0	0	0	0	0	0	0	0	0	0	0	0	0	0	0	0	0	0	0	0	0	0	0	0	0	0	0	0	0	0	0	0	0	0	0	0	0	0	0	0	0	0	0	0	8	0	0	0	0	3	0	0	0	0	0	0	0	0	0	0	0	0
g__Bifidobacterium	0	0	0	0	0	0	0	0	0	0	0	0	0	0	0	0	0	2	0	16	0	0	0	0	0	0	0	0	0	0	0	0	0	0	0	0	0	0	0	0	0	0	0	0	0	0	0	0	0	0	0	0	0	0	0	0	0	0	0	0	0	0	0	0	0	0	0	0	0	0	0	0	0	0	0	0	0	0	0	0	0	0	0	0	0	0	0	0	0	0	20	6	4	0	2	4	0	32	0	8	0	5	54	3	0	0	0	8	4	0	0	8	0	3	0	4	0	0	0	0
Unclassified_3(f__Coriobacteriaceae)	0	0	0	0	0	0	0	0	0	0	0	0	0	0	0	0	0	0	0	0	0	0	0	0	0	0	0	0	0	0	2	3	0	0	0	0	0	0	0	5	0	3	3	0	0	2	2	6	0	0	2	5	2	2	0	5	0	0	5	0	0	0	0	0	0	0	0	0	0	2	0	0	0	0	0	4	0	0	7	4	0	4	14	4	6	2	2	3	0	5	2	5	2	0	5	6	3	12	2	5	6	0	2	2	0	2	0	0	0	2	0	0	2	0	0	2	2	0	5	4
Unclassified_48(f__Coriobacteriaceae)	2	0	0	0	0	0	0	0	0	0	0	0	0	0	0	0	0	0	2	0	0	0	0	0	0	0	0	0	0	0	224	125	83	73	134	83	217	62	97	135	239	86	83	189	55	119	153	296	240	234	186	156	19	57	222	109	128	13	217	34	21	26	18	28	21	18	18	20	10	117	35	25	13	182	132	183	59	357	130	1290	78	157	85	85	282	150	118	99	38	242	58	96	95	65	89	223	56	96	72	126	85	68	79	119	90	125	70	149	70	107	50	51	60	72	39	66	34	29	41	74
g__Collinsella	0	0	0	0	0	0	0	0	28	0	0	0	0	0	0	0	0	0	5	0	45	0	0	0	0	0	0	0	0	0	98	47	83	54	188	49	145	65	77	148	108	80	49	57	40	103	141	375	287	191	149	62	9	52	54	35	204	4	36	25	10	6	4	0	20	5	0	0	2	74	6	4	5	6	235	205	84	1154	342	1334	47	663	163	86	343	273	427	94	29	325	17	25	2	17	49	49	8	38	26	27	14	27	7	24	28	33	28	65	10	34	17	32	4	18	12	13	15	17	13	29
g__Slackia	0	0	0	0	0	0	0	0	0	0	0	0	0	0	0	0	0	0	0	0	0	0	0	0	0	0	0	0	0	0	4	0	0	0	4	2	6	2	3	0	6	6	2	0	2	10	4	4	2	7	0	5	0	3	5	0	4	0	0	2	0	0	0	0	0	0	0	0	0	0	0	0	0	0	9	8	3	15	2	48	5	10	0	2	10	2	14	0	0	13	3	3	4	4	0	16	3	8	5	7	3	0	2	8	3	9	0	6	0	0	4	2	0	0	2	2	2	0	0	0
Unclassified_49(f__Nitriliruptoraceae)	0	0	3	0	0	0	0	0	0	0	0	0	0	0	2	7	0	0	3	14	0	0	0	0	0	0	0	0	0	0	0	0	0	0	0	0	0	0	0	0	2	0	0	0	0	0	0	0	0	0	0	0	0	0	0	0	0	0	0	0	3	0	0	0	0	0	0	0	0	0	0	0	0	0	0	0	0	0	0	0	0	0	0	0	0	0	0	0	0	0	0	0	0	0	0	0	0	0	0	0	0	0	0	0	0	0	0	0	0	0	0	0	0	0	0	0	0	0	0	0
Unclassified_4(o__Bacteroidales)	0	0	0	0	0	0	0	0	0	0	0	0	0	0	0	0	0	0	0	0	0	0	0	0	0	0	0	0	0	0	29	37	39	61	292	27	355	112	86	32	205	87	52	71	221	237	135	29	52	308	62	12	270	250	28	13	4	0	190	0	0	35	11	5	27	15	74	5	26	7	31	31	14	11	7	87	9	5	10	7	12	13	36	10	9	20	15	15	34	19	8	35	41	37	70	108	81	36	61	26	66	50	33	57	58	145	31	15	23	89	16	30	30	108	18	140	366	371	141	402
Unclassified_5(o__Bacteroidales)	2	0	0	0	0	0	0	0	0	0	0	0	0	0	0	0	0	2	0	0	2	0	0	0	0	0	0	0	0	0	246	324	318	276	224	280	407	275	194	328	513	223	1669	216	306	283	152	186	305	599	539	63	359	139	35	229	47	0	504	4	111	842	689	146	131	98	274	35	89	503	66	97	605	105	49	47	34	31	135	19	68	91	566	65	29	562	27	54	304	76	45	198	199	267	518	982	147	133	169	244	151	215	183	223	158	371	317	94	136	181	91	411	103	267	53	505	547	212	494	1106
g__Bacteroides	0	0	4	0	0	0	0	0	0	0	0	7	0	0	0	0	2	0	0	14	0	2	0	0	0	0	0	0	2	3	14	11	51	46	32	9	25	12	12	28	4	6	59	15	30	12	30	0	8	0	21	5	16	2	0	16	0	0	10	0	3	35	196	45	70	16	32	2	25	18	0	21	24	7	3	7	4	0	16	8	12	20	21	2	3	60	7	26	19	20	11	19	32	30	35	24	14	27	13	16	36	49	98	84	26	353	41	311	35	14	18	73	7	26	6	17	12	64	29	20
g__Paludibacter	0	0	0	0	0	0	0	0	0	0	0	0	0	0	0	0	0	0	0	0	0	0	0	0	0	0	0	0	0	0	0	2	0	2	0	0	0	5	0	0	0	0	0	0	0	0	0	0	0	0	0	0	0	0	0	0	0	0	0	0	0	2	3	0	2	0	0	0	0	2	0	0	0	0	0	5	0	2	0	0	0	0	0	0	2	0	0	0	0	0	2	0	0	0	0	0	0	0	0	0	0	0	0	0	0	2	0	0	0	0	0	0	0	0	0	0	0	0	0	2
g__Parabacteroides	0	0	0	0	0	0	0	0	0	0	0	0	0	0	0	0	0	0	0	0	0	0	0	0	0	0	0	0	0	0	9	9	24	49	28	133	36	54	58	43	41	71	56	92	44	117	14	17	71	32	47	118	43	64	13	75	140	0	140	0	8	39	94	30	36	282	30	7	38	18	14	59	20	24	3	226	5	13	89	19	8	21	17	4	4	6	28	16	0	3	37	445	78	67	82	285	59	502	35	190	19	99	33	324	68	281	37	227	96	19	14	225	40	142	23	412	62	241	206	96
Unclassified_6(f__Prevotellaceae)	0	0	0	0	0	0	0	0	0	0	0	0	0	0	0	0	0	0	0	0	0	0	0	0	0	0	0	0	0	0	0	4	0	1	0	0	0	0	0	1	4	5	0	0	0	0	5	0	0	1	2	0	0	2	0	0	0	0	0	0	2	27	2	0	0	2	0	0	0	0	0	0	0	2	0	0	1	0	0	0	0	0	0	0	0	0	0	0	0	0	0	2	0	0	0	3	0	3	0	0	0	0	0	0	0	0	0	0	0	0	0	0	0	3	0	0	0	0	1	1
g__Prevotella	0	0	4	0	0	0	0	0	2	0	0	0	0	2	6	0	0	6	0	10	2	0	0	0	0	0	0	0	0	6	741	98	325	342	363	399	257	375	745	597	288	378	264	378	359	221	593	72	55	539	172	70	36	22	38	60	11	0	26	2	1216	638	667	603	804	700	86	24	500	119	220	326	198	280	35	74	66	91	72	82	35	100	33	8	60	72	260	45	94	58	43	70	58	63	237	94	39	69	241	53	28	43	286	43	25	91	196	19	63	38	17	60	52	70	19	111	71	59	125	206
Unclassified_7(f__RF16)	0	0	0	0	0	0	0	0	0	0	0	0	0	0	0	0	0	0	0	0	0	0	0	0	0	0	0	0	0	0	12	45	23	39	7	9	24	3	2	13	2	4	30	4	7	7	23	0	0	5	8	0	2	0	0	13	0	0	5	0	7	228	53	111	2	8	72	0	4	12	0	8	7	20	0	17	2	0	2	3	7	0	16	5	7	9	4	2	20	5	5	11	16	43	26	9	6	2	0	3	0	7	56	4	2	10	8	0	2	4	4	2	0	3	3	5	8	9	8	12
Unclassified_8(f__Rikenellaceae)	0	0	0	0	0	0	0	0	0	0	0	0	0	0	0	2	0	0	0	0	0	0	0	0	0	0	0	0	0	0	0	11	7	5	3	9	12	9	3	11	0	5	9	15	2	4	2	6	5	0	8	0	0	0	0	2	0	0	2	0	0	10	12	11	0	0	2	0	5	9	0	9	3	10	0	0	0	0	4	0	2	2	0	0	0	0	3	2	5	3	0	10	2	6	6	21	1	1	0	10	0	7	17	9	0	6	4	20	2	0	0	15	0	2	0	0	0	6	0	4
Unclassified_9(f__S24-7)	0	0	6	0	0	0	0	0	4	2	0	0	0	2	0	2	0	0	0	0	10	2	0	0	0	0	0	0	0	2	1195	881	2199	1184	1209	831	2844	1624	1320	2659	1727	2175	1439	2498	2131	1367	1214	2023	697	2150	982	313	635	451	63	290	47	0	576	2	365	650	1041	588	421	504	951	230	506	590	346	812	396	391	184	277	421	158	407	572	150	319	2457	78	85	485	302	1293	659	470	157	268	594	454	864	669	497	216	333	819	136	464	324	520	278	547	356	263	161	125	82	508	84	258	74	1174	552	398	564	618
g__Butyricimonas	0	0	0	0	0	0	0	0	0	0	0	0	0	0	0	0	0	0	0	0	0	0	0	0	0	0	0	0	0	0	2	0	0	0	0	0	0	0	0	0	0	0	0	0	0	0	0	0	0	0	0	0	10	2	0	0	0	0	4	0	0	0	0	0	0	0	0	0	0	0	0	0	0	0	0	0	0	0	0	0	0	0	0	0	0	0	0	0	0	0	0	0	0	3	0	11	6	0	0	0	0	4	0	8	2	14	1	40	0	0	0	0	0	0	0	4	11	2	5	151
Unclassified_10(f__[Paraprevotellaceae])	0	0	0	0	0	0	0	0	0	0	0	0	0	0	0	0	0	0	0	0	0	0	0	0	0	0	0	0	0	0	0	0	2	0	4	0	3	0	0	0	0	0	0	0	0	0	0	0	4	1	0	0	0	0	0	0	0	0	0	0	0	2	11	7	3	0	9	0	0	1	0	0	2	0	0	0	0	0	0	0	0	2	7	0	3	0	0	0	0	4	0	0	0	0	0	0	0	0	0	0	0	0	0	0	0	0	0	0	0	0	0	0	0	0	0	0	0	0	0	0
Unclassified_11(f__[Paraprevotellaceae])	0	0	0	0	0	0	0	0	0	0	0	0	0	0	0	0	0	0	0	0	0	0	0	0	0	0	0	0	0	0	8	4	0	11	0	3	4	6	4	6	13	0	8	2	2	2	9	9	2	6	13	0	14	0	0	0	0	0	6	0	2	0	4	10	5	0	0	0	3	0	8	3	3	2	0	0	0	2	0	2	0	0	0	0	0	0	0	0	11	6	4	3	4	10	3	6	0	0	2	2	2	0	7	5	12	0	12	40	0	0	3	2	0	0	4	5	12	0	10	21
g__CF231	0	0	0	0	0	0	0	0	0	0	0	0	0	0	0	0	0	0	0	0	0	0	0	0	0	0	0	0	0	4	71	47	41	32	67	33	90	44	43	40	41	36	163	35	38	29	120	15	26	43	38	0	2	0	0	4	0	0	9	0	282	510	156	215	423	66	42	143	208	111	113	116	258	99	26	11	29	21	46	19	19	22	104	17	27	50	15	14	23	28	33	11	8	9	30	14	24	16	12	4	0	8	16	6	2	5	6	72	15	0	3	16	8	17	8	25	20	41	39	38
g__Paraprevotella	0	0	0	0	0	0	0	0	0	0	0	0	0	0	0	0	0	0	0	0	0	0	0	0	0	0	0	0	0	0	0	0	0	0	0	0	0	0	0	0	0	0	0	0	0	0	0	0	0	0	0	0	0	0	0	0	0	0	0	0	0	0	0	0	2	0	0	0	0	0	0	0	0	0	0	0	0	0	8	0	0	0	0	0	0	0	0	5	0	0	0	0	0	0	0	0	0	0	0	0	0	0	0	0	0	0	0	0	0	0	0	0	0	0	0	0	0	0	0	0
g__YRC22	0	0	0	0	0	0	0	0	0	0	0	0	0	0	0	0	0	0	0	0	0	0	0	0	0	0	0	0	0	0	2	0	8	9	2	11	9	0	4	5	2	0	6	3	9	0	8	0	4	4	2	0	0	0	0	0	0	0	0	0	3	16	53	33	3	43	0	2	21	1	6	2	4	2	5	2	0	4	10	0	3	14	12	24	3	5	2	6	5	12	0	0	4	0	0	12	0	0	0	0	2	0	0	0	0	0	0	0	0	0	0	0	0	0	0	4	0	0	0	10
g__[Prevotella]	0	0	13	0	0	0	0	0	0	0	0	0	0	0	0	0	0	0	0	0	0	0	0	0	0	0	0	0	0	4	54	27	38	25	37	51	64	61	33	33	65	69	203	22	49	25	42	0	21	38	46	4	4	0	0	0	0	0	0	0	1462	368	559	414	295	1894	81	46	631	277	463	1291	589	286	98	19	144	34	57	27	46	330	85	36	35	386	761	28	73	82	0	4	0	2	25	9	0	0	4	5	0	16	74	0	6	17	6	4	5	0	2	19	4	2	2	10	4	10	31	26
g__KSA1	0	0	3	0	0	0	0	0	0	0	0	0	0	0	0	0	0	0	0	11	0	0	0	0	0	0	0	0	0	0	0	0	0	0	0	0	0	0	0	0	0	0	0	0	0	0	0	0	0	0	0	0	0	0	0	0	0	0	0	0	0	0	0	0	0	0	0	0	0	0	0	0	0	0	0	0	0	0	0	0	0	0	0	0	0	0	0	0	0	0	0	0	0	0	0	0	0	0	0	0	0	0	0	0	0	0	0	0	0	0	0	0	0	0	0	0	0	0	0	0
g__Chlamydia	0	0	0	0	0	0	0	0	0	0	0	0	0	0	0	0	0	0	0	0	0	0	0	0	0	0	0	0	0	0	0	2	0	0	0	0	0	0	0	0	0	0	0	0	2	0	0	0	0	0	0	0	0	0	0	0	0	0	0	0	0	0	0	0	0	0	0	0	0	0	0	0	0	0	0	0	0	0	0	0	0	0	2	0	0	0	2	0	0	51	0	2	0	0	0	0	0	0	0	0	0	0	0	0	0	0	3	0	0	0	0	0	0	0	0	0	0	2	0	0
Unclassified_12(o__YS2)	0	0	0	0	0	0	0	0	0	0	0	0	0	0	0	0	0	0	0	0	0	0	0	0	0	0	0	0	0	0	2	0	0	0	0	0	0	0	0	3	0	0	0	0	0	0	0	2	2	0	0	0	0	12	0	0	2	3	2	0	7	5	0	0	0	0	0	0	0	0	0	0	0	0	2	0	0	0	0	12	3	0	0	0	3	0	0	0	0	0	2	3	0	0	3	0	7	0	0	6	2	0	0	0	0	0	0	11	0	2	0	0	7	7	0	0	0	0	0	3
Unclassified_13(o__Streptophyta)	536	23	19	3	4	12	7	248	51	663	20	9	482	36	28	38	20	78	107	8667	803	131	135	269	518	18	71	18	12	152	0	0	0	0	0	0	0	0	0	0	0	0	0	0	0	0	0	0	0	0	0	2	0	0	0	0	0	0	0	0	4	79	16	21	0	4	2	0	4	0	0	128	2	21	0	3	0	0	2	3	5	15	2	0	17	5	8	6	4	8	0	0	0	0	0	0	0	0	0	0	5	0	3	0	0	0	0	0	0	0	0	0	3	0	0	0	0	0	0	0
g__Mucispirillum	0	0	0	0	0	0	0	0	0	0	0	0	0	0	0	0	0	0	0	0	0	0	0	0	0	0	0	0	0	0	0	0	0	0	0	0	0	0	0	0	0	0	0	4	0	0	0	2	0	0	0	0	0	0	0	0	0	0	0	0	0	0	0	0	0	0	0	0	0	0	0	0	0	0	0	0	0	0	0	0	0	0	0	0	0	0	0	0	0	0	0	0	0	0	0	0	0	0	0	0	0	0	0	2	0	10	0	0	0	0	0	2	0	0	0	0	0	0	0	0
g__Fibrobacter	0	0	0	0	0	0	0	0	0	0	0	0	0	0	0	0	0	0	0	0	0	0	0	0	0	0	0	0	0	0	62	8	36	18	4	1	17	25	83	3	17	5	21	83	12	142	2	2	10	60	9	0	0	3	2	0	0	0	3	0	81	3	94	0	0	0	19	0	5	0	5	0	12	0	0	0	0	0	0	0	0	0	0	0	0	2	0	0	5	2	0	2	2	3	3	0	0	2	19	2	0	0	0	11	4	16	0	0	6	0	2	6	2	0	0	0	6	12	0	11
Unclassified_14(c__Bacilli)	0	0	0	0	0	0	0	0	0	0	0	0	0	0	0	0	0	0	4	0	0	0	0	0	0	0	0	0	0	0	0	0	0	0	0	0	0	0	0	0	0	0	0	0	0	0	0	0	0	0	0	2	0	0	0	0	0	6	0	4	0	0	0	0	0	0	0	0	0	0	0	0	0	0	0	0	0	0	0	0	0	0	0	0	0	0	0	0	0	0	0	0	0	0	0	0	0	0	3	0	3	0	0	4	0	0	0	0	0	0	0	0	0	0	0	4	0	0	0	0
g__Anoxybacillus	0	0	0	0	0	0	0	0	0	0	0	0	15	0	0	0	0	0	0	0	0	0	0	0	0	0	0	0	0	0	0	0	0	0	0	0	0	0	0	0	0	0	0	0	0	0	0	0	0	0	0	0	0	0	0	0	0	0	0	0	0	0	0	0	0	0	0	0	0	0	0	0	0	0	0	0	0	0	0	0	0	0	0	0	0	0	0	0	0	0	0	0	0	0	0	0	0	0	0	0	0	0	0	0	0	0	0	2	0	0	0	0	0	0	0	0	0	0	0	0
g__Bacillus	0	0	12	0	0	0	0	0	0	0	0	0	0	0	0	0	0	0	0	12	0	0	0	0	0	0	0	0	0	0	0	0	0	0	0	0	0	0	0	0	0	0	0	0	0	0	0	0	0	0	0	0	6	0	0	0	0	0	0	0	0	0	0	0	0	0	0	0	0	0	0	0	0	0	0	0	0	0	0	0	0	0	0	0	0	0	0	0	0	0	0	8	4	2	2	4	18	0	3	0	6	5	0	16	0	12	2	0	9	21	0	0	2	21	0	36	21	53	8	28
g__Oceanobacillus	0	0	0	0	0	0	0	0	0	0	0	0	0	0	0	0	0	0	0	0	0	0	0	0	0	0	0	0	0	0	0	0	0	0	0	0	0	0	0	0	0	0	0	0	0	0	0	0	0	0	0	0	7	0	0	0	0	0	0	0	0	0	0	0	0	0	0	0	0	0	0	0	0	0	0	0	0	0	0	0	0	0	0	0	0	0	0	0	0	0	0	0	0	0	0	2	0	0	0	0	5	0	2	3	0	0	0	0	0	6	0	0	0	3	0	2	7	0	0	2
g__Brevibacillus	0	0	0	0	0	0	0	0	0	0	0	0	0	0	0	0	0	0	0	0	0	0	0	0	0	0	0	0	0	0	0	0	0	0	0	0	0	0	0	0	0	0	0	0	0	0	0	0	0	0	0	0	10	0	0	0	0	0	0	0	0	0	0	0	0	0	0	0	0	0	0	0	0	0	0	0	0	0	0	0	0	0	0	0	0	0	0	0	0	0	0	0	0	0	0	0	0	0	0	0	0	0	0	0	0	0	0	0	0	0	0	0	0	0	0	0	0	0	0	4
g__Paenibacillus	0	0	0	0	0	0	0	0	0	0	0	0	0	0	0	0	0	0	0	17	0	0	0	0	0	0	0	0	0	0	0	0	0	0	0	0	0	0	0	0	0	0	0	0	0	0	0	0	0	0	0	0	12	0	0	0	0	0	0	0	0	0	0	0	0	0	0	0	0	0	0	0	0	0	0	0	0	0	0	0	0	0	0	0	0	0	0	0	0	0	0	0	0	0	0	4	0	0	0	0	0	0	0	2	10	2	0	0	0	0	0	2	6	4	0	14	26	4	5	45
Unclassified_15(f__Planococcaceae)	0	0	0	0	0	0	0	0	0	0	0	0	0	0	0	0	0	0	0	0	0	0	0	0	0	0	0	0	0	0	0	0	0	0	0	0	0	0	0	0	0	0	0	0	0	0	0	0	0	0	0	0	0	0	0	0	0	0	0	0	0	0	0	0	0	0	0	0	0	0	0	0	0	0	0	0	0	0	0	0	0	0	0	0	0	0	0	0	0	0	0	6	0	0	7	0	59	14	0	0	19	0	0	13	0	48	0	0	5	121	0	0	0	100	0	13	0	128	0	0
g__Bacillus	0	0	0	0	0	0	0	0	0	0	0	0	0	0	0	0	0	0	0	0	0	0	0	0	0	0	0	0	0	0	0	0	0	0	0	0	0	0	0	0	0	0	0	0	0	0	0	0	0	0	0	0	0	0	0	0	0	0	0	0	0	0	0	0	0	0	0	0	0	0	0	0	0	0	0	0	0	0	0	0	0	0	0	0	0	0	0	0	0	0	0	0	0	0	0	0	0	0	0	0	0	0	0	2	0	0	0	0	0	0	0	0	0	0	0	11	0	0	0	0
g__Lysinibacillus	0	0	0	0	0	0	0	0	0	0	0	0	0	0	0	0	0	0	0	0	0	0	0	0	0	0	0	0	0	0	0	0	0	0	0	0	0	0	0	0	0	0	0	0	0	0	0	0	0	0	0	796	2638	2025	242	61	158	0	80	0	0	0	0	0	0	0	0	0	0	0	0	0	0	0	0	0	0	0	0	0	0	0	0	0	0	0	0	0	0	0	29	22	140	93	71	227	23	65	168	133	84	863	452	99	317	227	138	3302	48	57	147	562	131	278	68	165	2269	561	275	2176
g__Rummeliibacillus	7	0	0	0	0	0	0	0	0	0	0	0	0	0	0	0	0	0	0	0	0	0	0	0	0	0	0	0	0	0	0	2	0	0	0	0	0	0	0	2	0	3	0	0	0	0	0	0	0	0	0	2055	1885	2082	399	1644	512	0	189	0	0	0	0	0	0	0	0	0	0	0	0	0	0	0	0	0	0	0	0	0	0	0	0	0	0	0	0	0	0	0	1076	2413	1511	5601	6397	692	4980	3675	12338	1531	7824	5064	3873	9880	8389	3204	11086	1090	7731	5720	3711	1541	10037	4148	1212	8586	2440	1939	3169	1122
g__Solibacillus	0	0	0	0	0	0	0	0	0	0	0	0	0	0	0	0	0	0	0	0	0	0	0	0	0	0	0	0	0	0	0	0	0	0	0	0	0	0	0	0	0	0	0	0	0	0	0	0	0	0	0	2	379	3	41	4	15	0	9	0	0	0	0	0	0	0	0	0	0	0	0	0	0	0	0	0	0	0	0	0	0	0	0	0	0	0	0	0	0	0	5	12	0	33	5	3	1	9	25	15	0	11	4	14	0	57	0	0	0	0	12	4	0	16	0	11	6	42	3	13
g__Sporosarcina	0	0	0	0	0	0	0	0	0	0	0	0	0	0	0	0	0	0	0	0	0	0	0	0	0	0	0	0	0	0	0	0	0	0	0	0	0	0	0	0	0	0	0	0	0	0	0	0	0	0	0	0	0	0	0	0	0	0	0	0	0	0	0	0	0	0	0	0	0	0	0	0	0	0	0	0	0	0	0	0	0	0	0	0	0	0	0	0	0	0	0	0	0	0	0	0	4	2	0	0	5	0	0	9	9	3	0	0	7	15	0	0	2	15	0	27	14	4	9	2
g__Staphylococcus	0	0	8	0	0	0	0	0	0	0	0	0	0	0	2	2	0	0	1	27	3	0	0	0	0	0	0	0	0	0	0	0	0	0	0	0	0	0	0	0	0	0	0	0	0	0	0	0	0	0	0	6	71	2	0	3	3	20	0	22	0	0	0	0	0	0	0	0	0	0	0	0	0	0	0	0	0	0	0	0	0	0	0	0	4	0	0	0	0	0	21	10	28	123	6	4	9	36	51	131	118	894	362	148	185	1359	102	1055	96	65	349	2407	39	176	92	48	304	1775	57	49
g__Gemella	0	0	0	0	0	0	0	0	0	0	0	0	0	0	0	0	0	0	0	7	0	0	0	0	0	0	0	0	0	0	0	0	0	0	0	0	0	0	0	0	0	0	0	0	0	0	0	0	0	0	0	0	0	0	0	0	0	18	0	10	0	0	0	0	0	0	0	0	0	0	0	0	0	0	0	0	0	0	0	0	0	0	0	0	0	0	0	0	0	0	0	0	0	0	0	0	0	0	0	0	0	0	0	0	0	0	0	0	0	0	0	0	0	0	0	0	0	0	0	0
Unclassified_16(o__Lactobacillales)	0	0	0	0	0	0	0	0	0	0	0	0	0	0	0	0	0	0	0	0	0	0	0	0	0	0	0	0	0	0	0	0	0	0	0	0	0	0	0	0	0	0	0	0	0	0	0	0	0	0	0	2	3	4	9	2	56	36	0	543	0	0	0	0	0	0	0	0	0	0	0	0	0	0	0	0	0	0	0	0	0	0	0	0	0	0	0	0	0	0	49	28	487	58	31	44	55	17	36	35	3	5	0	0	57	4	0	4	12	0	0	0	2	11	0	5	50	2	2	2
g__Aerococcus	0	0	0	0	0	0	0	0	0	0	0	0	0	0	0	0	0	0	0	0	0	0	0	0	0	0	0	0	0	0	0	0	0	0	0	0	0	0	0	0	0	0	0	0	0	0	0	0	0	0	0	0	19	0	7	0	0	0	0	3	0	0	0	0	0	0	0	0	0	0	0	0	0	0	0	0	0	0	0	0	0	0	0	0	0	0	0	0	0	0	3	22	3	21	3	3	3	6	4	21	2	0	0	7	0	20	3	39	0	2	0	31	2	0	2	2	2	9	0	0
g__Facklamia	0	0	0	0	0	0	0	0	0	0	0	0	0	0	0	0	0	0	0	0	0	0	0	0	0	0	0	0	0	0	0	0	0	0	0	0	0	0	0	0	0	0	0	0	0	0	0	0	0	0	0	0	0	0	0	0	0	17	0	9	0	0	0	0	0	0	0	0	0	0	0	0	0	0	0	0	0	0	0	0	0	0	0	0	0	0	0	0	0	0	0	0	0	0	0	0	0	0	0	0	0	0	0	0	0	0	0	0	0	0	0	0	0	0	0	0	0	0	0	0
g__Desemzia	0	0	0	0	0	0	0	0	0	0	0	0	0	0	0	0	0	0	0	0	0	0	0	0	0	0	0	0	0	0	0	0	0	0	0	0	0	0	0	0	0	0	0	0	0	0	0	0	0	0	0	0	0	0	0	0	0	0	2	0	0	0	0	0	0	0	0	0	0	0	0	0	0	0	0	0	0	0	0	0	0	0	0	0	0	0	0	0	0	0	4	0	0	0	0	2	3	5	0	3	0	0	0	0	0	2	0	0	6	0	0	0	0	0	0	0	0	0	0	0
g__Enterococcus	0	0	0	0	29	0	0	13	5	0	0	0	2	0	2	3	0	0	12	775	16	0	5	0	7	0	15	1	0	2	0	2	0	0	0	0	0	0	0	0	0	0	0	0	0	0	0	0	0	0	2	469	173	370	135	1330	167	7400	217	201	0	0	0	0	8	0	0	0	0	2	0	0	0	0	0	0	0	0	0	0	0	3	0	0	0	0	0	0	0	0	497	1282	441	377	675	720	427	482	952	3640	649	749	491	884	1087	650	610	490	608	493	733	1919	272	525	268	631	245	149	246	281
g__Tetragenococcus	0	0	0	0	0	0	0	0	0	0	0	0	0	0	0	0	0	0	0	0	0	0	0	0	0	0	0	0	0	0	0	0	0	0	0	0	0	0	0	0	0	0	0	0	0	0	0	0	0	0	0	0	0	0	0	0	0	0	2	0	0	0	0	0	0	0	0	0	0	0	0	0	0	0	0	0	0	0	0	0	0	0	0	0	0	0	0	0	0	0	2	0	0	0	2	0	5	0	0	8	0	0	0	0	0	0	0	0	0	0	0	0	0	2	0	4	0	0	0	0
Unclassified_17(f__Lactobacillaceae)	0	0	0	0	0	0	0	0	0	0	0	0	0	0	0	0	0	0	0	0	0	0	0	0	0	0	0	0	0	0	0	0	0	0	0	0	0	0	0	0	0	0	0	0	0	0	0	0	0	0	0	3	0	0	9	0	0	6	3	213	0	0	0	0	0	0	0	0	0	0	0	0	0	0	0	0	0	0	0	0	0	0	0	0	0	0	0	0	0	0	79	35	177	18	31	30	40	70	16	83	5	6	0	0	20	0	0	2	6	2	0	10	5	11	2	2	3	0	3	0
g__Lactobacillus	3	162	568	104	12	17	384	294	31	60	73	141	88	7	7	6	0	7	20	72	5	0	3	16	9	0	12	4	0	3	5607	8154	1541	1000	574	554	380	4254	4194	297	3142	4228	2241	1821	302	45	65	326	95	379	209	35	9	22	94	200	1017	138	65	1600	57	108	41	78	66	135	171	1697	166	47	191	155	28	34	222	42	67	234	328	915	88	76	28	177	1468	122	4562	146	600	471	301	702	185	105	351	126	199	714	373	146	82	252	58	215	66	39	107	206	101	83	42	80	60	73	82	168	76	31	389	34
g__Pediococcus	3	0	0	0	0	0	0	0	0	0	0	0	0	0	0	0	0	0	0	0	0	0	0	0	0	0	0	0	0	0	0	0	0	0	0	0	0	0	0	0	0	0	0	0	0	0	0	0	0	0	0	264	81	110	5287	119	11492	182	113	6761	0	0	0	0	0	0	0	0	0	0	0	0	0	0	0	0	0	0	0	0	0	0	0	0	0	0	0	0	0	0	4632	3789	6597	1210	2125	5822	2080	1661	805	1110	834	390	242	360	903	207	1529	389	434	197	55	177	416	424	319	353	901	191	4904	345
g__Leuconostoc	0	0	0	0	0	0	0	0	0	0	0	0	0	0	0	0	0	0	0	0	0	0	0	0	0	0	0	0	0	0	0	0	0	0	0	0	0	0	0	0	0	0	0	0	0	0	0	0	0	0	0	0	0	6	4	0	21	0	2	0	0	0	0	0	0	0	0	0	0	0	0	0	0	0	0	0	0	0	0	0	0	0	0	0	0	0	0	0	0	0	0	0	0	0	0	0	0	0	0	0	0	0	2	0	0	0	0	0	0	0	0	0	0	0	0	0	0	0	0	0
g__Weissella	7	0	0	0	0	0	0	2	0	0	0	0	0	0	0	3	0	0	0	15	0	0	0	0	0	3	0	0	0	0	0	0	0	0	0	0	0	0	0	0	2	0	0	0	0	0	0	0	0	0	0	34	27	22	329	29	1125	93	36	715	0	0	0	0	0	0	0	0	0	0	0	0	0	0	0	0	0	0	0	0	0	0	0	0	0	0	0	0	0	0	336	1956	279	620	227	481	627	407	287	276	309	89	133	101	32	98	23	63	117	47	26	25	197	79	13	55	21	35	24	15
g__Lactococcus	0	0	0	0	0	0	0	0	0	0	0	0	0	0	0	0	0	0	0	0	2	0	0	0	0	0	0	0	0	0	0	0	0	0	0	0	0	0	0	0	0	0	0	0	0	0	0	0	0	0	0	0	0	0	3	35	3	0	2	0	0	0	0	0	94	0	0	0	0	0	0	0	0	0	0	0	0	0	0	0	0	0	0	0	0	0	0	0	0	0	3	0	0	0	0	0	0	0	3	6	0	3	12	0	0	9	0	12	2	0	1	0	0	0	0	0	0	0	0	0
g__Streptococcus	10	5	11	2	27	5	2	25	16	17	0	4	16	8	3	7	3	2	113	225	11	11	3	22	41	0	12	9	8	13	11	61	13	13	20	19	18	19	19	11	38	44	8	33	0	9	8	21	41	23	17	50	10	18	71	30	24	164	206	129	6	48	2	14	15	4	3	4	16	7	9	34	0	10	11	10	8	32	26	36	6	5	4	15	65	10	24	16	13	40	41	133	52	94	148	162	26	90	46	112	9	25	243	37	23	44	60	217	10	16	9	35	7	12	5	25	14	13	41	23
g__Turicibacter	0	3	4	0	2	138	29	0	14	8	27	3	6	0	11	0	0	65	9	0	6	19	38	5	0	11	18	14	9	57	2	0	4	0	0	0	0	7	3	0	8	0	0	3	2	0	0	0	0	7	0	2	0	4	12	2	2	0	14	23	0	0	0	0	0	0	0	8	0	19	4	4	0	0	14	2	6	4	3	5	6	3	6	11	5	8	9	0	4	18	0	0	9	2	0	0	3	2	2	8	11	9	54	12	39	4	2	16	5	7	0	7	5	6	0	0	11	0	0	2
Unclassified_18(o__Clostridiales)	0	334	1009	449	400	800	152	104	173	258	1039	31	141	647	22231	2584	2561	1877	874	414	885	1513	3591	393	664	728	3381	1437	1367	1214	26	54	129	48	76	27	123	93	71	28	108	62	102	85	149	94	46	97	75	166	126	40	79	132	29	133	26	39	100	380	160	35	100	14	19	15	22	12	115	65	58	83	116	29	252	102	66	52	81	224	73	103	90	80	128	76	138	320	142	216	56	54	77	25	87	74	52	41	52	39	67	66	85	90	110	63	85	157	68	39	33	126	48	55	48	53	117	59	142	172
Unclassified_19(o__Clostridiales)	0	0	0	0	0	0	0	0	0	0	0	0	0	0	0	0	0	0	0	0	2	0	0	0	0	0	0	0	0	0	1020	1248	1374	819	583	919	936	823	1218	918	1247	686	866	1255	1758	531	997	759	1777	1144	1212	387	127	309	1187	702	612	2	507	17	42	190	245	216	182	387	97	186	746	325	567	151	286	269	802	1153	380	814	1211	1002	661	704	385	445	1051	426	735	1166	328	1956	1326	1084	1824	720	1054	3183	524	2834	1913	1203	373	829	462	985	2594	724	744	2907	302	798	339	873	141	448	221	472	512	271	443	631
g__Caldicoprobacter	0	0	0	0	0	0	0	0	0	0	0	0	0	0	0	0	0	0	0	0	0	0	0	0	0	0	0	0	0	0	0	0	0	0	0	0	0	0	0	0	0	0	0	0	0	0	0	0	0	0	0	0	0	0	0	0	0	7	0	10	0	0	0	0	0	0	0	0	0	0	0	0	0	0	0	0	0	0	0	0	0	0	0	0	0	0	0	0	0	0	0	0	0	0	0	0	0	0	0	0	0	0	0	0	0	0	0	0	0	0	0	0	0	0	0	0	0	0	0	0
Unclassified_20(f__Christensenellaceae)	0	0	0	0	0	0	0	0	0	0	0	0	0	0	0	0	0	0	0	0	0	0	0	0	0	0	0	0	0	0	16	11	5	38	45	19	159	108	60	19	636	34	101	28	19	72	22	78	39	628	129	47	165	594	46	141	22	0	101	14	4	8	0	2	2	3	0	3	0	0	4	7	19	2	5	13	0	12	15	6	10	15	47	18	9	10	8	63	14	39	60	46	56	86	36	133	24	70	166	33	587	110	35	83	150	202	78	119	50	264	138	97	168	276	98	78	287	552	113	749
Unclassified_21(f__Clostridiaceae)	0	7	15	16	17	22	68	5	41	30	14	21	30	5	26	29	22	64	33	4	197	194	76	175	126	42	62	423	114	102	29	16	43	34	40	42	47	27	37	48	18	44	32	7	40	21	171	61	223	42	90	7	8	16	13	10	2	570	24	920	34	116	109	185	101	73	61	125	39	432	48	61	22	75	131	63	102	69	129	68	110	96	37	157	100	115	71	61	49	149	17	6	41	5	25	7	13	19	18	24	21	32	65	22	85	19	33	81	12	10	15	27	12	13	4	30	29	10	33	11
Unclassified_22(f__Clostridiaceae)	716	7903	3357	2979	2655	20604	16794	17804	27522	22075	18566	2643	28100	3244	2542	3658	1884	22027	5496	2925	25292	22021	27155	21887	25638	21611	20785	16524	4077	20102	264	595	960	513	689	518	790	580	561	574	1098	346	369	198	478	445	780	473	1572	501	644	328	692	528	2448	719	159	8078	1222	2547	1039	4953	3643	3743	2145	2214	4616	2392	1497	2946	1031	1107	336	1132	1484	2869	1044	736	2018	2097	1725	4573	902	4380	2189	3012	1058	3625	1067	1821	500	532	944	267	434	423	243	514	335	1650	1508	581	574	383	1116	589	512	437	265	504	179	632	824	528	278	654	977	234	523	369
g__Alkaliphilus	0	0	0	0	0	0	0	0	0	0	0	0	0	0	0	0	0	0	0	0	0	0	0	0	0	0	0	0	0	0	0	0	0	0	0	0	0	0	0	0	0	0	0	0	0	0	0	0	0	0	0	59	368	27	47	13	14	0	22	0	0	0	0	0	0	0	0	0	0	0	0	0	0	0	0	0	0	0	0	0	0	0	0	0	0	0	0	0	0	0	0	33	16	27	0	43	15	2	12	17	363	19	13	77	69	46	20	6	25	9	20	34	91	51	15	145	169	51	30	245
g__Clostridium	18	29	41	29	94	97	149	13	60	71	51	43	52	29	134	85	92	130	52	36	200	330	119	229	98	102	151	466	889	337	36	56	108	82	85	60	73	72	108	62	112	86	70	31	55	98	106	75	301	46	100	507	598	599	547	1690	349	525	1584	724	59	228	163	324	193	102	189	243	111	669	85	94	47	121	81	247	103	52	141	132	167	144	78	262	141	170	96	160	155	197	219	131	175	88	260	141	73	133	223	180	505	955	561	267	471	248	621	1793	182	237	303	270	307	327	268	172	219	105	342	280
g__SMB53	82	457	251	321	262	521	705	254	310	657	364	142	443	1301	1195	3815	2526	2328	3301	532	1480	3074	1519	2065	1889	3380	909	2082	845	1454	154	354	634	246	181	312	269	109	304	209	541	229	72	106	195	143	144	264	489	150	328	231	313	344	272	389	117	4249	1463	3621	284	620	363	683	309	442	441	336	166	324	160	227	101	160	245	582	255	257	391	525	298	810	228	331	476	515	282	489	629	488	486	1145	1051	487	698	984	664	513	571	2088	1606	742	1425	667	791	472	572	542	399	415	239	822	605	716	165	689	608	192	314	396
g__Dehalobacterium	0	0	0	0	0	0	0	0	0	0	0	0	0	0	0	0	0	0	0	0	0	0	0	0	0	0	0	0	0	0	0	0	0	0	0	0	0	0	0	0	2	0	0	0	0	0	0	0	0	0	0	0	7	0	0	0	0	0	8	0	0	0	0	0	0	0	0	0	0	0	0	0	0	0	0	0	0	0	0	0	0	0	0	0	0	0	0	0	0	0	0	0	0	0	0	0	0	0	2	0	3	0	0	2	3	3	0	0	0	0	0	0	0	2	0	0	2	0	2	3
g__Anaerofustis	0	0	0	0	0	0	0	0	0	0	0	0	0	0	0	0	0	0	0	0	0	0	0	0	0	0	0	0	0	0	0	0	0	2	0	0	2	0	0	0	0	0	0	0	0	0	4	2	4	0	0	0	0	0	0	0	0	0	0	2	0	2	0	0	0	0	0	0	0	0	0	0	0	0	0	0	0	0	0	0	0	0	0	2	0	2	0	0	0	7	0	2	0	0	0	0	0	0	0	5	0	0	0	0	0	0	0	0	0	0	0	0	0	0	0	0	0	0	0	0
g__Pseudoramibacter_Eubacterium	0	0	0	0	0	0	0	0	0	0	0	0	0	0	0	0	0	0	0	0	0	0	0	0	0	0	0	0	0	0	3	6	5	19	15	5	7	4	2	10	4	21	5	4	3	60	25	9	13	11	6	0	3	4	0	0	0	4	11	2	0	0	0	0	0	0	0	0	0	0	0	3	0	0	3	21	4	16	17	7	8	39	7	5	33	10	12	20	2	7	0	27	5	2	5	0	11	2	0	8	4	3	2	9	2	0	0	7	0	0	2	13	2	4	0	13	3	0	2	0
Unclassified_23(f__Lachnospiraceae)	0	0	0	0	0	0	0	0	0	0	0	0	0	0	0	0	0	0	0	0	0	0	0	0	0	0	0	0	0	0	45	7	150	209	304	42	101	136	214	239	34	56	416	42	55	123	170	76	159	94	319	15	86	153	13	46	13	0	48	31	9	55	130	42	60	31	21	65	43	123	20	59	70	80	67	119	55	118	158	93	59	94	238	295	45	82	35	206	56	152	6	11	27	12	26	41	28	9	29	12	15	14	38	9	75	18	33	0	25	15	39	23	15	38	12	24	65	23	14	108
Unclassified_24(f__Lachnospiraceae)	0	0	0	0	0	0	0	0	3	0	0	0	0	2	0	0	2	0	0	21	2	0	0	3	0	0	0	0	0	0	300	665	1081	1483	1030	710	1552	682	1358	821	1318	1361	1308	588	1405	771	3583	625	3137	1096	2913	272	243	1153	378	247	77	23	207	366	278	1693	1673	2088	671	591	210	283	695	464	187	856	639	472	354	1308	513	535	1331	667	684	597	510	1090	481	563	276	948	1169	986	125	195	313	286	262	472	713	268	218	174	130	226	398	164	152	196	480	38	270	134	122	147	156	273	155	218	341	238	262	791
g__Anaerostipes	0	0	0	0	0	0	0	0	0	0	0	0	0	0	0	0	0	0	0	0	0	0	0	0	0	0	0	0	0	0	3	101	16	41	3	6	19	2	2	4	4	5	2	16	0	5	5	0	24	2	4	0	0	3	0	0	0	0	2	0	9	279	96	269	0	13	0	0	7	6	11	4	0	34	8	0	2	4	36	6	0	10	9	4	9	3	4	4	7	5	10	50	8	0	11	21	5	4	3	6	0	3	0	13	3	0	4	5	0	3	0	0	0	0	0	14	2	2	8	0
g__Blautia	2	0	4	0	0	0	0	0	0	0	0	0	0	0	0	0	0	0	2	0	0	0	0	0	0	0	0	0	0	0	294	88	147	96	113	98	140	113	177	219	171	151	103	233	94	58	78	88	151	171	145	51	7	66	167	44	156	4	16	99	44	24	65	26	31	17	22	35	42	111	13	10	31	57	186	187	87	611	176	894	138	261	89	144	728	148	192	120	43	564	48	22	16	15	25	66	41	29	36	21	19	34	44	23	14	6	29	4	52	24	11	8	12	29	28	11	14	6	20	98
g__Butyrivibrio	0	0	0	0	0	0	0	0	0	0	0	0	0	0	0	0	0	0	0	0	0	0	0	0	0	0	0	0	0	0	4	9	14	3	2	5	10	2	0	2	13	0	3	8	3	1	2	5	0	8	3	0	0	0	8	0	0	0	0	0	9	7	52	4	4	16	3	3	5	0	0	3	2	3	3	5	0	5	4	51	0	2	0	2	6	3	3	5	0	0	0	0	5	0	1	3	5	6	2	0	0	0	0	2	0	0	2	2	0	3	0	0	2	3	0	0	0	0	3	2
g__Coprococcus	0	0	0	0	0	0	0	0	0	0	0	0	0	0	0	0	0	0	0	0	0	2	0	0	0	0	0	0	0	0	259	100	169	298	206	67	136	111	237	289	97	126	253	101	194	119	370	225	150	179	614	53	473	401	87	71	46	29	706	81	191	248	97	304	276	51	40	74	85	262	43	115	137	157	133	109	82	220	148	178	112	153	267	106	237	146	109	164	67	216	23	19	56	51	71	176	19	15	114	28	74	44	18	51	66	72	62	16	32	29	60	48	96	84	65	65	307	109	127	971
g__Defluviitalea	0	0	0	0	0	0	0	0	0	0	0	0	0	0	0	0	0	0	0	0	0	0	0	0	0	0	0	0	0	0	0	0	0	0	0	0	0	0	0	0	3	0	0	0	0	0	3	0	0	0	0	0	0	0	0	0	0	0	0	0	0	0	0	0	4	0	0	4	14	0	6	0	0	2	0	0	0	0	0	0	0	0	0	0	0	0	4	0	0	0	0	0	0	0	0	0	0	0	0	0	0	0	0	0	0	0	0	0	0	0	0	0	0	0	0	0	0	0	0	0
g__Dorea	0	0	0	0	0	0	0	0	0	0	0	0	0	0	0	0	0	0	2	0	3	0	0	0	0	0	0	0	0	0	109	75	79	88	84	59	122	81	117	204	103	85	353	101	56	82	198	93	122	160	129	13	30	132	39	27	34	5	46	67	24	45	61	36	21	42	24	32	79	125	40	50	51	62	315	429	228	522	315	459	147	219	247	264	484	354	353	249	93	423	41	17	22	24	40	46	30	51	41	18	16	22	134	19	19	40	51	89	27	26	29	17	9	14	32	7	13	24	31	69
g__Epulopiscium	0	0	0	0	2	0	0	0	0	0	0	0	0	0	0	0	0	0	0	0	0	0	0	0	0	0	0	0	0	0	0	0	0	0	0	0	0	0	0	0	0	0	0	0	0	0	0	0	0	0	0	0	30	0	0	1	23	0	0	0	0	0	0	0	28	0	0	0	0	0	0	0	0	0	0	0	25	0	0	0	0	0	0	0	0	0	13	21	189	45	0	0	0	0	0	0	0	0	0	0	0	0	3	0	0	0	0	6	0	0	0	0	0	0	0	0	0	0	0	0
g__Lachnobacterium	0	0	0	0	0	0	0	0	0	0	0	0	0	0	0	0	0	0	0	0	0	0	0	0	0	0	0	0	0	0	0	0	0	0	0	0	0	9	14	0	29	0	0	0	2	0	0	5	4	38	0	0	0	0	0	0	0	0	0	0	0	0	0	0	0	2	3	0	3	3	14	0	2	0	0	0	0	0	0	2	0	0	0	0	0	0	0	0	0	0	0	0	0	0	0	0	0	0	0	0	0	0	0	0	0	0	0	0	0	0	0	0	0	0	0	0	0	2	0	0
g__Lachnospira	0	0	0	0	2	0	0	0	0	0	0	0	0	0	0	0	0	0	0	0	0	0	0	0	0	0	0	0	0	0	82	182	165	124	173	51	293	174	280	241	184	85	195	112	124	102	431	65	579	480	347	12	12	14	30	37	31	0	10	6	36	218	177	90	156	49	51	76	188	74	195	63	75	503	275	117	159	344	622	377	176	89	122	211	393	154	195	79	123	196	21	47	26	16	51	106	16	66	30	32	25	31	20	39	22	11	50	41	16	38	26	12	14	53	17	16	17	12	23	62
g__Oribacterium	0	0	0	0	0	0	0	0	0	0	0	0	0	0	0	0	0	0	0	0	0	0	0	0	0	0	3	0	0	0	14	11	0	4	4	8	6	6	8	5	4	4	5	49	4	4	7	5	6	21	4	0	0	0	3	0	0	0	2	2	26	10	0	0	3	8	4	0	4	0	4	0	5	16	3	2	0	6	0	10	3	2	0	0	3	0	0	0	0	0	0	0	0	0	0	2	2	0	0	0	0	0	0	2	0	0	0	0	2	2	0	3	0	3	0	0	0	0	2	4
g__Robinsoniella	0	0	0	0	0	0	0	0	0	0	0	0	0	0	0	0	0	0	0	0	0	0	0	0	0	0	0	0	0	0	0	0	0	0	0	0	0	0	0	0	0	0	0	0	0	0	0	0	0	0	0	2	0	0	0	0	2	0	13	0	0	0	0	0	0	0	0	0	0	0	0	0	0	0	0	0	0	0	0	0	0	0	0	0	0	0	0	0	0	0	0	0	0	0	0	0	0	0	0	0	0	0	0	0	0	0	0	0	0	0	0	0	0	0	0	0	0	0	0	2
g__Roseburia	0	0	0	0	0	0	0	0	0	0	0	0	0	0	0	0	0	0	0	0	0	0	0	0	0	0	0	0	0	0	292	199	202	240	323	427	499	350	632	222	650	142	175	295	340	128	609	347	367	1131	246	28	6	34	25	24	14	4	8	37	217	948	242	413	501	833	378	376	504	255	391	454	237	4855	894	195	454	190	457	359	110	209	142	262	175	329	1097	182	233	277	27	16	15	11	36	188	29	43	64	36	41	41	60	20	34	19	20	49	25	36	31	16	15	45	9	17	15	8	3	108
g__Ruminococcus	0	0	0	0	0	0	0	0	0	0	0	0	0	0	0	0	0	0	0	0	0	0	0	0	0	0	0	0	0	0	0	0	0	0	0	0	0	0	0	0	0	0	0	0	2	0	0	0	0	0	0	2	0	0	0	0	0	0	0	0	0	0	0	0	0	0	0	0	0	0	0	0	0	0	0	0	0	0	0	0	0	0	0	0	0	0	0	0	0	0	0	0	2	0	0	0	0	0	0	0	0	2	0	0	3	0	0	0	0	0	0	0	0	0	0	0	2	0	0	0
g__Shuttleworthia	0	0	0	0	0	0	0	0	0	0	0	0	0	0	0	0	0	0	0	0	0	0	0	0	0	0	0	0	0	0	9	11	25	71	21	7	22	13	7	18	11	16	23	10	20	6	40	4	62	11	11	6	0	0	0	0	0	4	0	3	61	38	107	23	16	8	4	5	5	9	3	47	24	21	20	23	30	49	47	31	14	33	19	23	26	27	20	24	3	39	0	0	5	0	0	3	0	0	2	0	0	0	24	0	7	0	0	0	0	0	0	0	4	0	0	0	0	2	0	0
g__[Ruminococcus]	0	0	0	0	0	0	0	0	12	0	0	0	0	0	0	0	0	0	2	0	14	0	0	0	0	0	0	0	0	0	92	36	40	41	44	49	92	25	27	45	49	63	40	65	28	87	101	150	60	39	117	30	19	80	51	15	46	4	17	13	4	7	3	5	21	14	4	53	22	107	15	5	11	22	70	90	44	349	71	101	45	54	25	91	70	57	172	121	30	587	76	15	10	20	63	87	46	20	63	37	21	34	5	44	26	63	55	54	45	12	25	37	5	21	41	9	22	22	33	47
g__Peptococcus	0	0	0	0	0	0	0	0	0	0	0	0	0	0	0	0	0	0	0	0	0	0	0	0	0	0	0	0	0	0	0	0	0	0	0	0	0	0	0	0	0	0	0	0	0	5	5	2	0	0	0	0	0	0	0	0	0	0	0	0	0	0	0	0	0	0	0	0	0	0	0	0	0	0	0	3	0	2	3	12	2	14	0	0	6	5	2	0	0	2	0	0	0	0	0	0	0	0	0	0	0	3	0	0	0	0	0	0	0	0	0	0	0	0	0	0	2	0	0	0
g__rc4-4	0	0	0	0	0	0	0	0	0	0	0	0	0	0	0	0	0	0	0	0	0	0	0	0	0	0	0	0	0	0	0	0	0	0	0	0	0	0	0	0	0	3	0	3	0	0	0	0	0	0	0	0	0	0	0	0	0	0	0	0	0	0	0	0	0	0	0	0	0	0	0	0	0	0	0	0	0	0	0	0	0	0	0	0	0	0	0	0	0	0	0	0	0	0	0	0	0	21	0	0	0	0	0	0	0	0	0	0	0	24	0	0	0	0	0	0	0	0	0	0
Unclassified_25(f__Peptostreptococcaceae)	0	94	33	33	0	142	16	0	6	0	67	4	9	0	68	0	0	148	0	0	0	0	46	0	0	0	37	0	0	73	0	0	0	0	0	0	0	0	0	0	0	0	0	0	0	0	0	0	0	0	0	0	0	0	0	0	0	0	0	0	0	0	0	0	0	0	0	0	0	6	5	12	0	0	0	0	0	0	0	0	0	0	0	0	0	0	0	0	0	0	0	0	0	0	0	0	0	0	0	0	0	0	0	0	0	0	0	0	0	0	0	0	0	0	0	0	0	0	0	66
Unclassified_50(f__Peptostreptococcaceae)	6	0	0	3	0	2	3	0	2	12	0	0	0	0	6	7	7	7	22	0	7	73	7	19	7	9	8	27	8	11	10	17	41	24	44	44	50	22	43	99	119	32	17	24	37	30	38	89	91	45	71	23	9	12	40	21	27	50	55	211	19	28	30	20	40	38	41	67	41	99	26	47	24	44	78	94	76	617	69	187	74	156	52	60	121	116	110	46	36	339	39	84	56	14	47	60	37	53	29	88	75	42	113	91	76	47	68	123	62	32	14	58	48	56	29	145	43	11	35	30
g__Clostridium	0	0	0	0	0	0	0	0	0	0	0	0	0	0	0	0	0	0	0	0	0	0	0	0	0	0	0	0	0	0	0	0	0	0	0	0	0	0	0	0	0	0	0	0	0	0	0	0	0	0	0	18	37	104	17	39	16	0	156	0	0	0	0	0	0	0	0	0	0	0	0	0	0	0	0	0	0	0	0	0	0	0	0	0	0	0	0	0	0	0	8	7	6	15	8	9	6	2	25	10	67	218	75	51	38	106	23	2	41	20	59	33	7	48	12	15	14	23	8	21
g__Peptostreptococcus	0	0	0	0	0	0	0	3	0	0	0	0	0	0	0	0	0	0	0	8	0	5	0	0	0	0	0	0	0	0	0	0	0	0	0	0	0	0	0	0	0	0	0	0	0	0	0	0	0	0	0	0	0	0	0	0	0	0	0	9	0	0	0	0	0	0	0	0	0	0	0	0	0	0	0	0	0	0	0	0	0	0	0	0	0	0	0	0	0	0	0	0	0	0	0	0	0	0	0	0	0	0	0	0	0	0	0	0	0	0	0	0	0	0	0	0	0	0	0	0
Unclassified_26(f__Ruminococcaceae)	2	0	0	0	0	0	0	0	0	0	0	0	0	0	0	0	0	0	0	0	8	0	0	0	0	0	0	0	0	0	393	356	301	199	269	183	258	239	300	292	447	284	456	325	223	552	236	422	222	491	619	236	539	284	3647	338	497	2	742	113	27	79	64	24	50	127	71	71	80	69	201	102	107	80	110	287	87	701	237	204	128	185	470	144	273	148	83	231	153	334	232	271	352	362	556	651	193	480	421	485	247	355	139	356	512	1650	276	105	175	247	191	410	158	257	180	259	809	454	630	1560
Unclassified_27(f__Ruminococcaceae)	0	0	2	0	0	0	2	0	10	0	0	0	0	0	0	0	0	0	3	0	8	0	0	0	0	0	0	0	0	0	2214	3316	3027	2063	1642	1309	2053	2620	1743	2385	2272	1653	3852	1538	1634	2358	1841	2003	1518	2956	3821	479	816	846	475	909	243	6	1053	109	1969	1335	2903	1966	1053	1999	966	1355	1473	2923	701	1871	2126	921	2746	5653	2120	2283	3129	4536	2805	6356	9511	2817	4406	4482	3959	5594	2343	4456	631	319	479	386	659	883	403	446	441	451	449	488	392	492	775	787	646	765	421	385	259	780	464	536	361	496	1238	742	1234	2372
g__Anaerofilum	0	0	0	0	0	0	0	0	0	0	0	0	0	0	0	0	0	0	0	0	0	0	0	0	0	0	0	0	0	0	0	0	0	2	0	3	0	0	0	0	4	0	0	4	0	0	1	2	0	0	0	0	0	0	0	0	0	0	0	0	0	0	0	0	0	0	0	0	0	0	0	0	0	0	0	3	0	0	0	0	0	3	0	0	0	2	3	0	0	0	0	0	0	0	2	0	0	0	0	2	0	0	0	0	0	0	0	0	0	0	0	0	0	0	0	0	0	0	0	0
g__Butyricicoccus	0	0	0	0	0	0	0	0	0	0	0	0	0	0	0	0	0	0	0	0	0	0	0	0	0	0	0	0	0	0	32	40	118	48	31	12	46	10	45	22	10	16	28	40	20	8	25	7	14	17	5	0	2	0	4	3	5	0	2	0	27	10	14	14	4	8	0	9	14	12	3	18	27	20	8	2	14	2	14	24	9	13	11	6	14	12	21	11	12	17	21	7	41	6	11	29	13	23	20	10	0	4	31	2	12	2	5	6	4	3	0	0	2	16	2	0	10	0	12	19
g__Faecalibacterium	0	0	2	0	0	0	0	0	0	0	0	0	0	0	0	0	0	0	0	0	0	0	0	0	0	0	0	0	0	0	70	66	165	93	153	93	95	68	67	380	68	77	94	151	71	116	106	59	100	85	70	19	10	12	27	17	24	2	28	14	208	133	102	89	182	161	97	146	82	146	48	111	64	233	194	186	116	487	324	151	58	149	84	64	113	80	164	88	82	177	81	31	49	25	67	73	32	96	57	97	9	30	106	18	26	32	24	51	21	21	11	34	17	38	21	20	27	19	22	30
g__Gemmiger	0	0	0	0	0	0	0	0	2	0	0	0	0	0	0	0	0	0	0	0	0	0	0	0	0	0	0	0	0	0	255	294	222	124	351	133	204	218	141	179	490	220	274	184	80	62	284	211	174	361	274	78	45	53	777	70	949	9	69	19	155	165	49	28	158	121	179	132	108	107	201	44	129	125	337	242	809	860	283	1328	231	347	244	271	902	365	470	171	216	377	149	150	107	120	188	331	59	216	151	239	80	91	165	81	54	107	62	10	39	64	31	44	70	39	31	34	30	21	43	141
g__Oscillospira	6	0	0	0	0	0	0	0	8	0	0	0	0	0	0	0	0	0	0	0	15	0	0	0	0	0	0	0	0	2	257	367	287	801	1621	563	1132	1169	658	744	1020	672	567	915	428	3278	801	1409	513	2597	1256	460	743	385	338	369	117	5	3379	54	195	422	204	230	622	367	67	121	154	150	124	410	160	223	58	400	98	85	250	139	67	159	462	116	104	95	97	327	351	272	183	185	310	253	392	568	159	287	266	302	470	635	310	447	514	1207	494	1656	317	444	242	1373	249	526	225	412	958	550	963	1969
g__Ruminococcus	0	0	0	0	0	0	0	0	0	0	0	0	0	0	0	0	0	0	0	0	0	0	0	0	0	0	0	0	0	0	640	905	946	544	539	599	504	674	548	827	836	471	939	396	361	437	1160	742	1114	560	1506	91	113	89	755	352	68	8	130	55	96	409	1449	260	707	293	126	457	162	1067	252	156	372	198	485	700	407	508	1074	430	811	730	660	637	845	971	396	991	322	659	320	461	1902	208	677	1046	203	2836	516	1194	66	150	1014	135	327	105	305	299	82	316	100	362	74	142	66	114	365	45	342	332
Unclassified_28(f__Veillonellaceae)	0	0	0	0	0	0	0	0	0	0	0	0	0	0	0	0	0	0	0	0	0	0	0	0	0	0	0	0	0	0	0	0	0	0	0	0	0	2	0	0	7	0	0	0	0	0	0	0	0	14	0	0	0	0	0	0	0	0	0	0	0	0	0	0	0	0	0	0	0	0	3	0	0	0	0	0	0	0	0	4	0	0	0	0	0	0	0	0	0	0	0	0	0	0	0	0	0	0	0	0	0	0	0	0	0	0	0	0	0	0	0	0	0	0	0	0	0	0	0	0
g__Acidaminococcus	0	0	0	0	0	0	0	0	0	0	0	0	0	0	0	0	0	0	0	0	0	0	0	0	0	0	0	0	0	0	0	0	2	0	0	0	0	0	0	0	4	0	0	0	0	0	0	2	0	4	0	0	0	0	0	0	0	0	0	0	0	0	0	0	0	0	0	0	0	0	13	2	0	0	0	0	0	0	0	0	0	0	0	0	0	0	0	0	0	0	0	0	0	0	0	0	0	0	0	0	0	0	0	0	0	0	0	0	0	0	0	0	0	0	0	0	0	0	0	0
g__Anaerovibrio	0	0	0	0	0	0	0	0	0	0	0	0	0	0	0	0	0	0	0	0	0	0	0	0	0	0	4	0	0	0	4	2	2	0	3	0	0	2	2	0	3	0	0	0	0	2	11	0	3	16	0	0	0	0	0	0	0	0	0	0	142	19	17	9	10	48	10	103	49	19	42	10	49	28	0	0	0	0	0	0	0	4	0	0	4	0	0	0	2	2	0	0	0	0	0	0	0	0	0	0	0	0	0	0	0	0	0	0	0	0	0	0	0	0	0	2	0	0	0	0
g__Dialister	0	0	0	0	0	0	0	0	0	0	0	0	0	0	0	0	0	0	0	0	0	0	0	0	0	0	0	0	0	0	9	2	4	0	0	0	6	3	4	0	4	2	0	0	0	0	0	0	3	7	0	0	0	0	0	0	0	0	0	0	13	0	0	0	0	0	4	0	2	0	2	0	2	6	2	0	0	26	2	6	0	0	2	0	18	3	11	2	0	10	0	0	0	0	0	0	0	0	0	0	0	0	0	0	0	0	0	0	0	2	0	0	0	0	0	0	0	0	0	0
g__Megamonas	0	0	0	0	0	0	0	0	0	0	0	0	0	0	0	0	0	0	0	0	0	0	0	0	0	0	0	0	0	0	2	0	0	0	0	0	9	0	0	0	0	0	0	0	0	0	0	0	2	0	0	0	0	0	0	0	0	0	0	0	53	2	4	2	0	0	0	5	0	0	0	0	1	10	0	0	0	0	0	0	0	0	0	0	0	0	0	0	0	2	0	0	0	0	0	0	0	0	0	0	0	0	0	0	0	0	0	0	0	0	0	0	0	0	0	0	0	0	0	0
g__Megasphaera	0	0	0	0	0	0	0	0	0	0	0	0	0	0	0	0	0	0	0	0	0	0	0	0	0	0	0	2	0	0	13	0	0	0	2	2	0	13	3	0	8	0	4	0	0	12	7	38	2	245	7	0	0	0	0	0	0	0	0	0	2	6	0	0	21	12	16	714	28	19	1227	18	10	16	0	0	0	0	0	5	0	0	0	0	5	0	0	0	0	0	0	0	0	0	0	0	0	0	0	0	0	0	2	0	0	0	0	0	0	0	0	3	0	0	0	0	0	0	0	2
g__Mitsuokella	0	0	0	0	0	0	0	0	0	0	0	0	0	0	0	0	0	0	0	0	0	0	0	0	0	0	0	0	0	0	0	0	0	0	0	0	0	0	0	0	0	0	0	0	0	2	0	0	0	0	0	0	0	0	0	0	0	0	0	0	3	0	0	0	2	0	0	0	20	0	10	0	0	0	0	2	0	0	0	0	0	0	0	0	0	0	0	0	0	0	0	0	0	0	0	0	0	0	0	0	0	0	0	0	0	0	0	0	0	0	0	0	0	0	0	0	0	0	0	0
g__Phascolarctobacterium	0	0	0	0	0	0	0	0	0	0	0	0	0	0	0	0	0	0	0	0	0	0	0	0	0	0	0	0	0	0	5	12	7	70	44	25	38	44	20	59	23	27	20	30	21	119	130	23	73	45	27	5	0	6	2	8	0	0	0	4	57	112	50	53	54	206	94	22	96	68	19	71	20	78	51	221	86	399	265	24	8	47	79	10	38	132	4	14	25	37	0	0	2	2	3	5	3	0	3	3	6	11	2	5	8	15	4	0	5	0	2	2	2	11	0	2	17	11	5	24
g__Selenomonas	0	0	6	0	0	0	0	0	0	0	0	0	0	0	3	0	0	0	0	0	0	0	0	0	0	0	4	0	0	0	0	0	0	0	0	0	0	0	0	0	0	0	0	0	0	2	0	0	0	0	0	0	0	0	0	0	0	0	0	0	0	0	0	0	0	0	0	0	0	0	6	0	0	8	2	0	0	0	0	0	0	0	0	0	0	0	2	0	0	0	0	0	0	0	0	0	0	0	0	0	0	0	0	0	0	0	0	0	0	0	0	0	0	0	0	2	0	0	0	0
g__Veillonella	0	0	29	0	0	0	3	2	0	0	0	44	0	2	0	0	0	0	0	0	0	0	0	0	0	0	0	0	0	0	0	0	0	0	0	0	0	0	0	0	0	0	0	0	0	0	0	0	0	0	0	0	0	0	0	0	0	0	0	0	0	0	0	0	0	0	0	0	0	0	0	0	0	0	0	0	0	0	0	0	0	0	0	0	0	0	0	0	0	0	0	0	0	0	0	0	0	0	0	0	0	0	0	0	0	0	0	0	0	0	0	0	0	0	0	0	0	0	0	0
Unclassified_29(f__[Mogibacteriaceae])	0	0	0	0	0	0	0	3	0	0	0	0	0	0	0	0	0	0	0	21	7	0	0	0	2	0	0	0	0	0	30	66	82	156	239	94	184	106	130	526	105	187	160	80	277	315	154	198	192	170	283	36	119	49	31	74	22	39	281	41	17	59	78	111	87	112	42	32	21	25	28	259	65	23	38	84	34	24	106	98	42	83	332	45	39	61	46	139	98	97	22	28	29	33	33	77	32	55	29	18	43	36	86	42	60	38	43	30	50	52	28	51	54	38	26	42	74	33	59	203
g__Mogibacterium	0	0	0	0	0	0	0	0	0	0	0	0	0	0	0	0	0	0	0	0	0	0	0	0	0	0	0	0	0	0	0	0	0	3	2	3	2	2	0	0	4	0	2	6	0	0	0	5	2	6	0	0	0	0	0	2	6	8	3	36	0	0	0	0	0	0	0	0	2	0	0	0	0	0	0	5	0	5	0	15	0	8	0	0	4	0	3	2	6	2	0	2	0	0	0	3	3	0	0	0	4	4	4	0	0	0	2	10	3	4	0	8	2	0	0	2	0	0	3	12
Unclassified_30(f__[Tissierellaceae])	0	0	0	0	0	0	0	0	0	0	0	0	0	0	0	0	0	0	0	0	0	0	0	0	0	0	0	0	0	0	0	0	0	0	0	0	0	0	0	0	0	0	0	0	0	0	0	0	0	0	0	2	5	2	0	0	0	0	0	0	0	0	0	0	0	0	0	0	0	0	0	0	0	0	0	0	0	0	0	0	0	0	0	0	0	0	0	0	0	0	0	0	0	0	2	0	0	0	2	0	137	10	18	7	5	5	5	0	9	6	8	7	20	2	2	3	0	2	0	0
g__Gallicola	0	0	0	0	0	0	0	0	0	0	0	0	0	0	0	0	0	0	0	22	0	0	0	0	2	0	0	0	0	0	0	0	0	0	0	0	0	0	0	0	0	0	0	0	0	0	0	0	0	0	0	0	0	0	0	0	0	0	0	0	0	0	0	0	0	0	0	0	0	0	0	0	0	0	0	0	0	0	0	0	0	0	0	0	0	0	0	0	0	0	0	0	2	0	0	0	8	2	0	0	0	0	0	0	0	0	0	0	5	0	0	0	0	0	0	0	0	0	0	0
g__Sedimentibacter	0	0	0	0	0	0	0	0	0	0	0	0	0	0	0	0	0	0	0	0	0	0	0	0	0	0	0	0	0	0	0	0	0	0	0	0	0	0	0	0	0	0	0	0	0	0	0	0	0	0	0	0	0	0	0	0	0	0	0	0	0	0	0	0	0	0	0	0	0	0	0	0	0	0	0	0	0	0	0	0	0	0	0	0	0	0	0	0	0	0	0	0	0	0	0	0	0	0	0	0	3	0	0	0	0	0	0	0	0	0	0	2	0	2	0	5	0	0	2	0
g__Tissierella_Soehngenia	0	0	0	0	0	0	0	0	0	0	0	0	0	0	0	0	0	0	0	0	0	0	0	0	0	0	0	0	0	0	0	0	0	0	0	0	0	0	0	0	0	0	0	0	0	0	0	0	0	0	0	0	2	0	3	0	0	0	0	0	0	0	0	0	0	0	0	0	0	0	0	0	0	0	0	0	0	0	0	0	0	0	0	0	0	0	0	0	0	0	0	12	0	10	0	0	2	3	0	6	8	0	0	35	2	19	0	7	8	15	0	17	11	12	8	73	13	22	9	13
Unclassified_31(f__Erysipelotrichaceae)	0	0	0	0	0	0	0	0	0	0	0	0	0	0	0	0	0	0	0	0	0	0	0	0	0	0	0	0	0	0	3	49	6	0	11	4	12	5	5	11	7	14	12	28	21	2	13	0	5	10	7	0	2	0	0	0	0	0	2	0	0	0	0	0	0	5	4	2	3	7	5	0	0	4	21	11	17	8	19	29	14	19	15	13	21	23	40	12	3	96	2	5	0	4	4	6	4	2	0	3	2	4	14	3	0	0	2	0	0	0	0	0	0	0	0	0	0	0	0	0
Unclassified_32(f__Erysipelotrichaceae)	0	0	0	0	0	0	0	0	0	0	0	0	0	0	0	0	0	0	0	11	0	2	0	0	0	0	0	0	0	0	2	0	0	0	2	0	0	2	6	2	2	0	3	5	0	3	2	0	0	3	0	0	0	0	0	2	0	0	0	0	0	0	0	3	0	0	0	0	5	2	0	0	0	0	0	2	0	0	0	0	2	0	0	0	0	2	2	25	0	20	0	0	2	0	4	2	0	2	5	0	0	2	21	3	10	2	0	0	2	0	0	0	0	0	0	0	5	0	0	3
g__Asteroleplasma	0	0	0	0	0	0	0	0	0	0	0	0	0	0	0	0	0	0	0	0	5	0	0	0	0	0	0	0	0	0	4	0	0	0	0	0	2	2	3	0	2	0	0	4	0	0	0	0	0	2	0	0	0	0	0	0	0	0	0	0	0	0	2	0	3	0	0	0	0	0	0	0	0	0	0	0	0	0	0	0	2	0	0	0	0	0	0	0	0	0	0	0	0	0	5	0	2	0	4	0	2	6	0	0	0	0	0	4	4	0	0	16	0	0	0	0	0	0	0	0
g__Bulleidia	0	0	0	0	0	0	0	0	0	0	0	0	0	0	0	0	0	0	0	0	2	0	0	0	0	0	0	0	0	0	130	29	29	43	24	4	102	32	29	37	52	30	75	12	20	54	22	23	67	40	13	5	11	6	87	13	18	0	71	0	10	0	5	4	8	11	12	14	10	17	18	3	10	3	46	63	11	42	28	56	15	22	115	17	122	26	40	38	4	65	25	3	15	8	16	29	16	67	10	12	10	23	8	3	36	18	13	30	31	14	8	9	9	14	0	2	20	8	12	19
g__Catenibacterium	0	0	0	0	2	0	0	0	0	0	0	0	0	0	0	0	0	0	4	0	2	0	0	0	0	0	0	0	0	0	49	22	28	17	76	8	36	8	16	12	26	12	17	14	5	31	37	254	79	31	130	57	9	47	256	25	185	0	9	6	0	0	0	0	3	0	5	0	0	8	0	0	0	2	144	26	11	517	40	84	27	100	33	32	211	20	241	18	0	163	25	17	11	11	82	38	26	27	37	32	19	17	14	8	18	20	25	46	28	9	18	17	11	22	11	13	8	13	14	24
g__L7A_E11	0	0	0	0	0	0	0	0	0	0	0	0	0	0	0	0	0	0	0	0	0	0	0	0	0	0	0	0	0	0	0	8	0	0	0	0	4	2	2	0	5	13	6	4	0	0	6	0	0	8	9	2	0	15	3	0	0	0	2	0	0	0	0	0	0	0	0	0	0	0	0	2	0	0	2	0	0	0	2	2	2	0	0	0	0	0	0	0	0	0	0	10	0	3	2	3	5	6	2	2	10	11	2	0	2	3	9	0	0	2	0	5	0	2	0	4	4	5	27	2
g__RFN20	0	0	0	0	0	0	0	0	0	0	0	0	0	0	0	0	0	0	0	0	0	0	0	0	0	0	0	0	0	0	5	6	0	0	4	0	0	7	4	2	2	2	0	5	4	2	2	0	0	0	2	0	0	0	0	0	0	0	0	0	2	2	0	0	0	2	0	3	2	3	0	2	2	2	0	0	2	0	0	0	2	0	0	0	0	0	0	2	2	2	0	2	0	2	11	0	0	0	0	0	0	0	2	2	0	2	10	0	0	0	0	2	0	0	0	2	2	0	2	2
g__Sharpea	0	0	0	0	0	0	0	0	3	0	0	0	0	0	0	0	0	0	0	0	4	0	0	0	0	0	0	0	0	0	11	17	19	0	0	0	44	0	0	0	0	0	0	0	0	2	0	0	62	0	0	0	0	0	0	0	0	2	0	0	0	0	0	0	0	0	0	0	0	0	0	0	0	0	0	0	0	0	0	2	0	0	0	0	0	0	0	0	2	2	0	0	0	0	2	0	48	0	0	0	0	0	0	0	0	2	0	0	57	0	0	0	0	0	0	0	0	0	0	0
g__[Eubacterium]	0	0	0	0	0	0	0	0	0	0	0	0	0	0	0	0	0	0	0	0	0	0	0	0	0	0	0	0	0	0	161	164	116	125	188	50	99	97	145	130	112	86	141	628	55	311	55	185	144	138	246	443	44	82	843	239	294	0	446	7	11	17	19	23	48	15	16	3	7	19	23	5	10	35	154	815	56	468	352	1568	83	331	179	173	695	163	217	288	49	536	242	176	420	156	625	399	180	405	258	317	75	115	57	228	676	246	215	960	252	140	284	205	65	74	78	100	89	44	90	81
g__p-75-a5	0	0	0	0	0	0	0	0	2	0	0	0	0	0	0	0	0	0	0	0	4	2	0	0	0	0	0	0	0	3	126	384	78	137	86	58	558	68	76	95	117	157	118	70	77	58	500	76	185	104	90	16	9	20	18	16	55	3	88	8	43	241	22	185	25	203	442	37	111	32	86	155	143	95	191	124	279	72	285	103	87	124	232	283	75	216	503	622	85	153	61	78	56	55	60	238	273	116	60	48	40	85	62	40	56	45	85	240	56	33	12	33	16	40	8	61	63	27	72	95
g__Fusobacterium	0	0	0	0	3	0	0	0	0	0	0	0	0	17	0	16	82	4	0	2	0	3	0	0	0	0	2	0	29	7	0	0	0	0	0	0	0	0	0	0	0	0	0	0	0	0	0	0	0	0	0	0	0	0	0	0	0	0	0	0	0	0	0	0	0	0	0	0	0	0	0	0	0	0	0	0	0	0	0	0	0	0	0	0	0	0	0	0	0	0	0	0	0	0	0	0	0	0	0	0	18	0	0	0	0	0	0	0	0	0	0	0	0	0	0	0	0	0	0	0
Unclassified_33(c__Alphaproteobacteria)	0	0	0	0	0	0	0	0	0	0	0	0	0	0	0	0	0	0	0	0	0	0	0	0	0	0	0	0	0	0	0	0	0	0	0	0	10	0	0	0	0	0	0	0	0	0	0	0	0	0	0	0	0	0	0	0	0	0	0	0	0	0	0	0	0	0	0	0	0	0	0	0	0	0	0	0	0	0	0	0	0	0	0	0	0	0	0	0	0	0	0	0	0	0	0	0	3	0	0	0	0	0	0	0	0	0	0	0	0	0	0	0	0	0	0	0	0	0	0	0
g__Methylobacterium	0	0	0	0	0	0	0	0	0	0	0	0	0	0	0	0	0	0	0	0	0	0	0	0	0	0	0	0	0	0	0	0	0	0	0	0	0	0	0	0	0	0	0	0	0	0	0	0	0	0	0	0	0	0	0	0	0	0	0	0	0	0	0	0	0	0	0	0	0	0	0	10	0	0	0	0	0	0	0	0	0	0	0	0	0	0	0	0	0	0	0	0	0	0	0	0	0	0	0	0	0	0	0	0	0	0	0	0	0	0	0	0	0	0	0	0	0	0	0	0
g__Agrobacterium	0	0	0	0	0	0	0	0	0	0	0	0	0	0	0	0	0	0	0	0	0	0	0	0	0	0	0	0	0	0	0	0	0	0	0	0	0	0	0	0	0	0	0	0	0	0	0	0	0	0	0	0	0	0	0	0	0	0	0	0	0	0	0	0	0	0	0	0	0	0	0	0	0	0	0	0	0	0	0	0	0	0	0	0	0	0	0	0	0	0	0	0	0	0	0	0	0	9	0	0	0	0	0	0	0	0	0	0	0	2	0	0	0	0	0	0	0	0	0	0
g__Ruegeria	0	0	0	0	0	0	0	0	0	0	0	0	0	0	0	0	0	0	0	0	0	0	0	0	0	0	0	0	0	0	0	0	0	0	0	0	0	0	0	0	0	0	0	0	0	0	0	0	0	0	0	0	0	0	0	0	0	21	0	5	0	0	0	0	0	0	0	0	0	0	0	0	0	0	0	0	0	0	0	0	0	0	0	0	0	0	0	0	0	0	0	0	0	0	0	0	0	0	0	0	0	0	0	0	0	0	0	0	0	0	0	0	0	0	0	0	0	0	0	0
Unclassified_34(o__Rickettsiales)	0	0	0	0	0	0	0	0	0	0	0	0	0	0	0	0	0	0	0	0	0	0	0	0	0	0	0	0	0	0	0	0	5	0	0	0	0	0	0	0	0	0	2	0	0	0	0	0	3	0	0	0	3	0	0	0	0	0	0	0	0	0	3	0	0	0	0	0	0	0	0	0	0	0	0	0	0	0	0	0	0	0	0	0	0	0	0	0	4	0	0	0	3	4	0	0	0	0	0	0	2	0	0	0	0	0	0	0	2	0	0	0	3	0	0	0	3	0	0	0
Unclassified_35(f__mitochondria)	0	0	0	0	0	5	3	25	4	150	2	0	59	4	2	2	2	16	20	1052	104	18	27	15	62	0	13	5	0	41	0	0	0	0	0	0	0	0	0	0	0	0	0	0	0	0	0	0	0	0	0	0	0	0	0	0	0	0	0	0	3	38	3	6	0	0	0	2	0	0	0	0	0	4	0	0	0	0	0	2	0	3	0	0	0	2	2	0	0	0	0	0	0	0	0	0	0	0	0	0	0	0	0	0	0	0	0	0	0	0	0	0	0	0	0	0	0	0	0	0
g__Sutterella	0	0	0	0	0	0	0	0	0	0	0	0	0	0	0	0	0	0	0	0	0	0	0	0	0	0	0	0	0	0	0	0	0	0	0	0	0	0	0	0	0	0	0	0	0	0	0	0	0	2	0	0	0	0	0	0	0	0	0	0	0	0	0	3	0	2	0	0	0	0	0	0	0	0	0	3	0	0	0	0	0	0	0	0	0	0	0	0	0	0	0	0	0	0	0	0	0	0	7	0	0	0	0	0	0	0	0	0	3	0	0	0	4	5	0	0	0	0	3	0
g__Burkholderia	0	0	0	0	0	0	0	0	0	0	0	0	0	0	0	0	0	0	0	0	0	0	0	0	0	0	0	0	0	0	0	0	0	0	0	0	0	0	0	0	0	0	0	0	0	0	0	0	0	0	0	0	0	0	0	0	0	0	0	0	0	0	0	0	0	0	0	0	0	0	0	184	0	0	0	0	0	0	0	0	0	0	0	0	0	0	0	0	0	0	0	0	0	0	0	0	0	0	0	0	0	0	0	0	0	0	0	0	0	0	0	0	0	0	0	0	0	0	0	0
g__Comamonas	2	0	0	0	0	0	0	0	0	0	0	0	8	0	0	0	0	0	0	5	0	0	0	0	0	0	0	0	0	0	0	0	0	0	0	0	0	0	0	0	0	0	0	0	0	0	0	0	0	0	0	0	0	0	0	5	0	0	0	0	0	2	0	0	0	0	0	0	0	0	0	0	0	0	0	0	0	0	0	0	0	0	0	0	0	0	0	0	0	0	152	12	9	5	4	8	10	189	101	54	35	43	629	45	51	37	24	173	21	44	794	122	81	138	2073	104	70	42	62	93
g__Hylemonella	0	0	0	0	0	0	0	0	0	0	0	0	0	0	0	0	0	0	0	14	0	0	0	0	0	0	0	0	0	0	0	0	0	0	0	0	0	0	0	0	0	0	0	0	0	0	0	0	0	0	0	0	0	0	0	0	0	0	0	0	0	0	0	0	0	0	0	0	0	0	0	0	0	0	0	0	0	0	0	0	0	0	0	0	0	0	0	0	0	0	0	0	0	0	0	0	0	0	0	0	0	0	0	0	0	0	0	0	0	0	0	0	0	0	0	0	0	0	0	0
g__Schlegelella	0	0	0	0	0	0	0	0	0	0	0	0	30	0	0	3	0	0	0	0	0	0	0	0	3	0	0	0	0	0	0	0	0	0	0	0	0	0	0	0	0	0	0	0	0	0	0	0	0	0	0	0	0	0	0	0	0	0	0	0	0	0	0	0	0	0	0	0	0	0	0	0	0	0	0	0	0	0	0	0	0	0	0	0	0	0	0	0	0	0	0	0	0	0	0	0	0	0	0	0	0	0	0	0	0	0	0	0	0	0	0	0	0	0	0	0	0	0	0	0
g__Oxalobacter	0	0	0	0	0	0	0	0	0	0	0	0	0	0	0	0	0	0	0	0	0	0	0	0	0	0	0	0	0	0	2	0	0	0	0	0	3	0	2	0	3	2	0	3	5	4	2	0	0	0	2	0	0	0	0	2	0	0	0	0	0	0	0	0	0	0	0	0	2	0	0	0	0	0	0	10	0	0	0	0	7	2	0	0	4	2	0	3	0	0	0	0	0	0	0	0	0	0	2	0	0	0	0	0	2	0	0	0	0	0	0	0	0	0	2	0	0	0	4	2
g__Ralstonia	0	0	11	0	0	2	2	0	2	0	0	0	0	2	0	0	0	0	0	30	0	0	2	0	3	2	2	0	0	0	0	0	0	0	0	0	0	0	0	2	2	0	0	3	0	0	0	0	0	0	0	0	0	0	0	0	0	2	0	0	0	2	0	0	0	0	0	0	0	0	0	0	0	0	0	0	0	0	0	5	0	0	0	0	0	0	2	0	0	0	10	6	0	0	0	0	0	5	2	8	0	0	74	9	4	2	0	413	0	10	0	0	0	0	0	19	0	0	0	0
g__Neisseria	0	0	0	0	0	0	0	3	0	0	0	0	0	0	0	0	0	0	0	48	0	0	0	0	4	0	0	0	0	0	0	0	0	0	0	0	0	0	0	0	0	0	0	0	0	0	0	0	0	0	0	0	0	0	0	0	0	0	0	0	0	8	0	0	0	0	0	0	0	0	0	0	0	4	0	0	0	0	0	0	0	0	0	0	0	0	0	0	0	0	0	0	0	0	0	0	0	0	0	0	0	0	0	0	0	0	0	0	0	0	0	0	0	0	0	0	0	0	0	0
g__Hydrogenophilus	0	0	0	0	0	0	0	0	0	0	0	0	11	0	0	0	0	2	0	0	0	0	0	0	0	0	0	2	0	0	0	0	0	0	0	0	0	0	0	0	0	0	0	0	0	0	0	0	0	0	0	0	0	0	0	0	0	0	0	0	0	0	0	0	0	0	0	0	0	0	0	0	0	0	0	0	0	0	0	0	0	0	0	0	0	0	0	0	0	0	0	0	0	0	0	0	0	0	0	0	0	0	0	0	0	0	0	0	0	0	0	0	0	0	0	0	0	0	0	0
Unclassified_36(o__Tremblayales)	0	0	3	0	0	0	0	0	0	0	0	0	0	0	0	0	0	0	0	0	0	0	0	0	0	0	0	0	0	0	409	134	152	21	12	16	54	41	8	9	95	26	64	16	26	68	415	70	566	135	67	0	0	0	0	0	0	0	0	0	6	12	261	3	2	10	16	130	33	30	7	9	65	7	5699	555	555	102	1037	522	7223	198	730	371	4480	1164	931	425	111	405	0	0	0	0	0	0	0	0	0	0	0	0	0	0	0	0	0	0	0	0	0	0	0	4	0	0	0	0	0	4
g__Desulfovibrio	0	0	0	0	0	0	0	0	0	0	0	0	0	0	0	0	0	0	0	0	0	0	0	0	0	0	0	0	0	0	2	0	3	3	0	2	6	5	2	0	0	0	0	6	2	4	13	0	0	14	2	0	0	0	0	0	2	31	0	58	3	0	0	0	2	3	4	3	2	0	12	0	2	0	0	0	0	0	3	0	0	0	0	2	3	0	0	0	2	2	0	0	0	0	0	0	0	3	3	0	6	0	0	0	0	3	2	0	0	3	0	0	0	2	0	3	0	0	2	2
g__Campylobacter	0	0	0	0	0	0	0	0	0	0	0	0	0	0	0	0	0	0	0	0	0	0	0	0	0	0	0	0	0	0	32	16	7	0	4	15	16	9	0	0	2	12	7	69	0	0	0	10	2	4	0	0	0	2	0	0	2	0	0	0	0	0	0	0	0	31	0	0	0	0	0	0	2	0	5	31	0	0	3	7	0	17	7	0	6	2	25	6	4	11	2	3	2	2	8	51	4	2	2	12	2	3	3	0	2	20	8	8	0	0	0	3	0	8	0	2	2	4	6	8
g__Flexispira	32	8	1	2	3	0	0	0	9	11	21	0	0	77	0	6	0	0	0	0	0	14	7	0	0	2	0	0	0	0	0	3	0	0	0	0	0	0	0	0	0	0	0	0	0	0	0	0	0	0	0	0	0	0	0	0	0	0	0	0	0	2	0	0	0	0	0	4	0	2	8	0	0	2	0	0	0	0	0	0	0	0	0	0	0	0	0	0	0	0	0	4	4	0	0	0	0	0	0	0	6	0	0	0	0	0	0	0	0	0	0	0	0	0	0	0	0	0	0	0
g__Helicobacter	0	0	0	0	0	0	0	0	0	0	0	0	0	0	0	0	0	0	0	0	0	0	0	0	0	0	0	0	0	0	0	0	0	0	3	2	4	0	0	0	2	0	0	1	0	0	0	5	0	2	0	0	0	0	2	0	0	0	0	0	0	0	0	0	0	0	0	0	0	0	2	0	0	0	0	0	0	0	0	0	0	0	0	0	0	0	0	0	0	0	0	0	0	0	97	5	2	5	2	3	0	0	3	0	0	5	6	13	0	2	0	0	0	0	0	0	0	0	9	0
g__Succinivibrio	0	0	0	0	0	0	0	0	0	0	0	0	0	0	0	0	0	0	0	0	0	0	0	0	0	0	0	0	0	0	0	7	2	0	2	5	10	5	0	7	6	3	3	9	0	0	0	3	15	5	3	0	0	2	0	0	0	0	0	0	13	15	3	14	7	0	0	4	12	3	15	4	20	27	6	6	5	8	0	3	0	0	0	7	4	56	3	0	0	0	0	0	0	0	9	0	4	0	2	0	0	0	0	0	0	0	6	0	0	0	0	0	0	4	0	0	0	0	3	7
Unclassified_37(f__Idiomarinaceae)	0	0	0	0	0	0	0	0	0	0	0	0	0	0	0	0	0	0	0	14	0	0	0	0	0	0	0	2	0	0	0	0	0	0	0	0	0	0	0	0	0	0	0	0	0	0	0	0	0	0	0	0	0	0	0	0	0	0	0	0	0	0	0	0	0	0	0	0	0	0	0	0	0	0	0	0	0	0	0	0	0	0	0	0	0	0	0	0	0	0	0	0	0	0	0	0	0	0	0	0	0	0	0	0	0	0	0	0	0	0	0	0	0	0	0	0	0	0	0	0
Unclassified_38(f__Enterobacteriaceae)	0	10	0	28	1	30	0	7	8	11	86	74	5	11	5	10	0	5	9	18	19	2	21	27	2	9	6	7	4	13	0	0	0	5	0	1	0	0	2	0	30	4	0	0	0	0	0	0	0	0	0	0	0	9	0	0	0	0	0	0	4	8	4	3	7	102	3	11	29	8	387	79	0	0	0	0	2	2	0	0	3	1	0	13	0	0	0	0	2	0	0	0	0	0	0	0	0	0	0	0	0	0	2	529	0	0	0	3	0	0	0	0	0	0	0	0	0	0	0	0
g__Cedecea	0	0	0	0	0	0	0	0	0	0	0	0	0	0	0	0	0	0	0	0	0	0	0	0	0	0	0	0	0	0	0	0	0	0	0	0	0	0	0	0	0	0	0	0	0	0	0	0	0	0	0	0	0	0	0	0	0	0	0	0	0	0	0	0	0	0	0	0	0	0	0	0	0	0	0	0	0	0	0	0	0	0	0	0	0	0	0	0	0	0	0	0	0	0	0	0	0	0	0	0	0	0	11	0	0	0	0	0	0	0	0	0	0	0	0	0	0	0	0	0
g__Citrobacter	0	0	0	0	0	0	0	0	0	2	0	0	0	0	0	0	0	0	0	0	0	4	0	0	0	0	0	0	0	0	0	0	0	0	0	0	0	0	0	0	0	0	0	0	0	0	0	0	0	0	0	0	34	2	0	0	0	0	0	0	0	0	0	0	0	0	0	0	0	0	0	0	0	0	0	0	0	0	0	0	0	0	0	0	0	0	0	0	0	0	0	0	0	0	0	0	0	0	0	0	0	0	4	0	0	0	0	0	0	0	0	0	0	0	0	0	0	0	0	0
g__Enterobacter	0	0	0	0	0	0	1	0	0	10	0	0	0	0	3	2	1	1	0	0	0	6	8	0	1	0	0	0	0	0	0	0	0	0	0	0	0	0	0	0	0	0	0	0	0	0	0	0	0	0	0	0	24	0	0	3	0	0	0	0	0	0	0	3	5	0	0	0	0	20	0	0	0	0	0	2	0	0	0	0	0	0	2	0	2	0	0	0	0	2	2	0	0	0	0	0	0	3	2	0	0	0	43	0	4	0	0	0	0	0	5	0	0	0	0	0	2	0	0	0
g__Escherichia	199	416	1529	714	2370	2236	2556	4909	1919	1502	8118	15347	622	459	687	813	630	973	538	326	519	1773	616	2550	309	624	1772	1587	6454	3619	26	27	35	36	20	58	53	43	18	496	877	40	18	7	11	33	22	65	70	26	46	1608	837	478	838	5590	776	17	520	9	87	162	114	87	1244	894	702	2767	893	1545	5593	3124	126	129	185	269	658	373	548	833	395	1121	173	4069	264	230	170	567	2643	880	271	64	61	62	89	180	102	652	449	241	1566	5298	5435	2423	1000	854	1291	826	7617	7884	13214	2426	3262	9500	8054	634	1431	534	927	1907
g__Klebsiella	0	0	8	7	7	6	10	20	1	22	5	209	6	1	10	3	10	8	45	16	7	20	9	73	8	3	12	10	13	15	0	0	0	0	0	0	0	0	0	8	0	0	0	0	0	0	0	0	0	0	0	0	0	0	0	0	0	0	0	0	0	5	4	2	11	0	5	31	1	24	0	36	0	4	3	3	3	2	4	2	0	9	0	34	3	0	0	3	2	0	0	0	0	0	0	0	0	0	0	2	0	0	11	0	0	0	0	21	0	0	0	3	2	0	0	0	0	0	0	0
g__Salmonella	0	3	21	40	21	96	17	8	29	4	285	88	13	0	0	4	4	10	0	0	45	1	6	10	0	0	0	13	0	5	0	0	0	0	0	3	0	0	0	8	44	0	0	0	0	0	0	0	0	0	0	0	0	0	0	0	0	0	0	0	0	0	0	0	52	192	25	23	20	44	939	31	6	12	0	0	0	0	0	0	3	2	0	0	0	0	0	0	0	0	0	0	0	0	0	0	0	0	2	0	0	0	0	0	0	0	0	0	0	0	8	0	0	0	0	0	0	0	0	0
g__Serratia	0	0	0	0	0	0	0	0	0	0	0	0	0	0	0	0	0	0	0	0	0	0	0	0	0	0	0	0	0	0	0	0	0	0	0	0	0	0	0	0	0	0	0	0	0	0	0	0	0	0	0	0	15	18	0	0	0	0	0	0	0	0	0	0	7	0	0	0	0	0	0	0	0	0	0	0	0	0	0	0	0	0	0	0	0	0	0	0	0	0	0	0	0	0	0	0	0	2	0	0	0	0	42	0	0	0	0	11	0	5	0	0	0	0	0	0	0	0	0	0
g__Alcanivorax	0	0	0	0	0	0	0	0	0	2	0	2	51	0	0	0	0	0	0	0	2	0	0	0	2	0	0	0	0	0	0	0	0	0	0	0	0	0	0	0	0	0	0	0	0	0	0	0	0	0	0	0	0	0	0	0	0	0	0	0	0	0	0	0	0	0	0	0	0	0	0	0	0	0	0	0	0	0	0	0	0	0	0	0	0	0	0	0	0	0	0	0	0	0	0	0	0	0	0	0	0	0	0	0	0	0	0	0	0	0	0	0	0	0	0	0	0	0	0	0
g__Halomonas	7	0	9	5	2	6	0	12	4	7	2	3	7	2	2	18	3	12	7	156	21	17	5	3	5	0	8	4	0	8	0	0	0	0	0	0	0	0	0	0	0	0	0	0	0	0	0	0	0	0	0	0	0	0	0	0	0	0	0	0	4	11	0	0	0	0	0	0	3	0	0	0	2	6	0	0	0	0	2	0	0	0	0	0	5	0	2	0	0	4	0	0	0	0	0	0	0	0	0	0	0	0	0	0	0	0	0	0	0	0	0	0	0	0	0	0	0	0	0	0
Unclassified_39(f__Pasteurellaceae)	2	0	0	214	0	0	0	0	0	0	0	0	0	0	0	0	0	0	0	0	0	0	0	0	0	0	27	0	0	0	4	0	1	0	0	0	0	0	0	0	0	0	0	0	0	0	2	0	0	0	0	0	0	0	0	0	0	0	0	0	0	1	6	3	0	0	0	0	0	0	0	0	8	0	0	0	1	0	1	3	0	0	0	2	0	0	0	6	2	0	0	0	0	0	0	0	0	0	0	0	0	0	0	0	0	0	0	0	0	0	0	0	0	0	0	0	0	0	0	0
g__Actinobacillus	14270	6878	11728	4164	7728	919	2545	1765	1562	453	263	1046	376	8507	2585	4658	6488	788	5963	5172	1706	769	280	1359	464	1220	1204	1269	1163	429	83	14	80	15	0	2	7	4	0	6	47	2	18	0	7	8	2	2	6	6	15	0	0	0	0	0	0	26	0	22	150	58	77	59	101	706	746	53	1264	194	566	445	217	124	125	384	75	30	181	536	156	217	242	1127	80	105	108	231	82	46	0	0	0	0	0	0	0	0	0	0	416	0	0	0	0	0	0	0	0	0	0	0	355	0	0	0	0	0	0	0
g__Aggregatibacter	0	0	0	0	0	0	13	66	14	0	0	0	0	11	9	20	14	3	6	783	23	4	0	11	2	0	2	0	0	0	0	0	0	0	0	0	0	0	0	0	0	0	0	0	0	0	0	0	0	0	0	0	0	0	0	0	0	0	0	0	0	0	0	0	0	0	2	0	0	0	0	0	0	0	0	0	0	0	0	3	0	0	0	4	0	0	0	0	0	0	0	0	0	0	0	0	0	0	0	0	0	0	0	0	0	0	0	0	0	0	0	0	0	0	0	0	0	0	0	0
g__Haemophilus	0	0	0	0	0	0	0	6	1	1	0	0	0	0	5	4	10	0	0	103	1	0	0	3	0	0	3	2	0	0	0	0	3	0	0	0	0	2	0	0	0	0	1	0	0	0	0	0	0	0	0	0	0	0	0	0	0	0	0	0	0	0	0	0	0	0	0	0	0	0	0	6	0	0	0	0	0	0	2	2	0	2	3	9	3	0	0	0	0	0	0	0	0	0	0	0	0	0	0	0	0	0	0	0	0	0	0	0	0	0	0	0	0	0	0	0	0	0	0	0
g__Pasteurella	193	183	73	458	183	42	96	161	133	31	10	1344	20	197	17	99	198	19	99	119	65	26	8	224	6	57	40	81	227	80	11	2	10	0	0	3	0	2	0	5	21	17	3	0	0	0	0	4	0	0	0	0	0	0	0	0	0	4	0	5	0	0	0	7	7	74	25	52	94	27	141	390	11	7	7	8	12	6	5	31	2	128	7	24	14	8	11	4	39	15	0	0	0	0	0	0	0	0	0	0	7	0	0	0	0	0	0	0	0	0	0	0	8	0	0	0	0	0	0	0
Unclassified_40(f__Moraxellaceae)	10	0	0	0	0	0	0	0	0	0	0	0	0	0	0	0	0	0	0	0	0	0	0	0	0	0	0	0	0	0	0	0	0	0	0	0	0	0	0	0	0	0	0	0	0	0	0	0	0	0	0	0	0	0	0	0	0	0	0	0	0	0	0	0	0	0	0	0	0	0	0	0	0	0	0	0	0	0	0	0	0	0	0	0	0	0	0	0	0	0	0	0	0	0	0	0	0	0	0	0	6	0	0	0	0	0	0	0	0	0	0	0	7	0	0	0	0	0	0	0
g__Acinetobacter	0	0	0	0	0	0	0	0	0	0	0	0	0	0	2	11	2	0	0	0	0	0	0	0	0	0	0	0	0	0	0	0	0	0	0	0	0	0	0	0	0	0	0	0	0	0	0	0	0	0	0	0	0	0	0	0	0	0	0	0	0	0	0	0	2	0	0	0	0	0	0	0	0	0	0	0	0	0	0	0	0	0	0	0	0	0	0	0	0	0	105	8	9	3	5	12	11	142	387	100	65	51	460	31	101	21	28	116	22	64	2458	167	43	61	722	30	38	12	16	33
g__Moraxella	7	0	0	0	0	0	0	0	0	0	0	0	0	0	0	0	0	0	0	3	0	0	0	0	0	0	0	0	0	0	0	0	0	0	0	0	0	0	0	0	0	0	0	0	0	0	0	0	0	0	0	0	0	0	0	0	0	0	0	0	0	7	0	0	0	0	0	0	0	0	0	0	0	0	0	0	0	0	0	0	0	0	0	0	0	0	0	0	0	0	0	0	0	0	0	0	0	0	0	0	8	0	0	0	0	0	0	0	0	0	0	0	0	0	0	0	0	0	0	0
g__Pseudomonas	0	0	0	0	0	0	0	0	0	0	0	0	0	0	0	0	0	0	0	0	0	0	0	0	0	0	0	0	0	0	0	0	0	0	0	0	0	0	0	0	0	0	0	0	0	0	0	0	0	0	0	0	0	0	0	0	0	0	0	0	0	0	0	0	0	0	0	0	0	0	0	0	0	0	0	0	0	0	0	0	0	0	0	0	0	0	0	0	0	0	2	0	0	0	0	0	0	0	0	0	0	0	30	0	0	0	0	5	0	0	0	5	0	0	0	0	0	0	0	2
g__Pseudoalteromonas	0	0	0	0	0	0	0	0	0	0	0	0	0	0	0	0	0	0	0	0	0	0	0	0	0	0	0	0	0	0	0	0	0	0	0	0	0	0	0	0	0	0	0	0	0	0	0	0	0	0	0	0	0	0	0	0	0	32	0	119	0	0	0	0	0	0	0	0	0	0	0	0	0	0	0	0	0	0	0	0	0	0	0	0	0	0	0	0	0	0	0	0	0	0	0	0	0	0	0	0	0	0	0	0	0	0	0	0	0	0	0	0	0	0	0	0	0	0	0	0
Unclassified_41(f__Xanthomonadaceae)	0	0	0	0	0	0	2	0	0	1	2	0	19	0	0	0	0	0	0	0	0	0	0	0	3	0	0	0	0	0	0	0	0	0	0	0	0	0	0	0	0	0	0	0	0	0	0	0	0	0	0	0	0	0	0	0	0	0	0	0	0	0	0	0	0	0	0	0	0	0	0	0	0	0	0	0	0	0	0	0	0	0	0	0	0	0	0	0	0	0	0	0	0	0	0	0	0	0	0	0	0	0	0	0	0	0	0	0	0	0	0	0	0	0	0	0	0	0	0	0
g__Luteibacter	0	0	0	0	0	0	0	0	0	0	0	0	0	0	0	0	0	0	0	0	0	0	0	0	0	0	0	0	0	0	0	0	0	0	0	0	0	0	0	0	0	0	0	0	0	0	0	0	0	0	0	0	0	0	0	0	0	0	0	0	0	0	0	0	0	0	0	0	0	0	0	19	0	0	0	0	0	0	0	0	0	0	0	0	0	0	0	0	0	0	0	0	0	0	0	0	0	0	0	0	0	0	0	0	0	0	0	0	0	0	0	0	0	0	0	0	0	0	0	0
g__Sphaerochaeta	0	0	0	0	0	0	0	0	0	0	0	0	0	0	0	0	0	0	0	0	0	0	0	0	0	0	0	0	0	0	13	36	11	7	12	2	6	11	6	0	9	7	34	20	11	15	31	3	12	17	69	0	7	1	0	50	0	0	17	0	0	8	26	0	6	5	3	0	0	0	0	0	0	0	10	40	6	0	13	0	6	14	644	5	16	16	5	7	104	5	0	2	6	3	48	20	0	4	13	0	0	2	0	2	9	14	13	0	6	0	11	5	0	6	4	11	17	9	10	25
g__Treponema	0	0	0	0	0	0	0	0	0	0	0	0	0	0	0	0	0	0	0	0	0	0	0	2	0	0	0	0	0	0	116	234	483	117	62	79	538	144	214	17	88	143	219	193	136	919	53	38	497	165	310	85	360	230	25	422	7	0	266	4	16	15	159	18	13	19	397	15	79	6	39	41	195	15	34	117	14	37	144	26	40	78	254	34	68	52	7	54	327	121	40	112	225	73	156	362	70	154	80	23	142	93	66	170	97	1196	296	35	83	29	60	26	48	99	29	137	650	294	955	1232
Unclassified_42(o__CW040)	0	0	0	0	0	0	0	0	0	0	0	0	0	8	0	4	0	0	0	13	0	0	0	0	0	0	0	0	0	0	0	0	0	0	0	0	0	0	0	0	0	0	0	0	0	0	0	0	0	0	0	0	0	0	0	0	0	0	0	0	0	0	0	0	0	0	0	0	0	0	0	0	0	0	0	0	0	0	0	0	0	0	0	0	0	0	0	0	0	0	0	0	0	0	0	0	0	0	0	0	0	0	0	0	0	0	0	0	0	0	0	0	0	0	0	0	0	0	0	0
Unclassified_43(f__F16)	0	0	0	0	0	0	0	0	0	0	0	0	0	0	0	0	0	0	0	0	0	0	0	0	0	0	0	0	0	0	2	28	2	4	4	0	5	6	7	0	23	2	0	5	7	2	0	3	7	2	7	0	4	2	7	0	0	0	4	0	0	0	0	0	5	2	3	0	47	0	45	0	0	4	12	7	4	2	6	7	4	5	12	2	16	2	0	24	6	15	0	6	0	2	4	12	15	11	10	0	6	2	0	0	0	0	0	0	0	2	0	0	0	0	0	2	2	0	2	5
g__Anaeroplasma	0	0	0	0	0	0	0	0	0	0	0	0	0	0	0	0	0	0	0	0	0	0	0	0	0	0	0	0	0	0	9	52	2	3	0	0	6	2	0	0	0	15	17	4	13	0	2	0	0	2	0	0	0	2	0	7	0	0	0	0	0	9	0	0	0	0	0	2	2	0	0	0	3	0	0	2	0	0	3	0	0	0	3	2	0	0	0	0	2	4	5	30	0	0	11	0	2	5	0	3	0	0	0	0	3	0	0	0	0	0	0	0	0	0	4	0	0	0	2	0
g__Mycoplasma	0	138	89	259	230	402	9	42	83	153	163	638	161	2532	1008	142	2952	459	19	141	859	758	45	168	367	125	76	78	107	59	0	0	15	0	0	0	0	2	0	0	5	0	0	2	3	2	3	2	0	0	2	0	0	0	0	0	0	0	2	0	111	49	68	24	5	7	10	7	28	35	60	67	36	12	2	0	4	0	0	0	0	0	0	2	1	0	2	0	0	0	0	0	0	0	2	0	0	0	0	0	0	0	0	0	0	0	0	0	0	0	0	0	0	0	0	0	0	0	0	0
Unclassified_44(o__RF39)	0	0	0	0	0	0	0	0	0	0	0	0	0	0	0	0	0	0	0	0	0	0	0	0	0	0	0	0	0	0	315	411	202	109	149	210	258	273	275	157	259	141	144	309	406	146	107	188	445	160	233	97	33	27	196	108	311	0	93	0	14	32	17	34	15	159	138	119	173	59	132	29	18	60	108	764	53	146	303	323	112	484	323	72	282	71	88	167	207	374	576	421	307	232	292	1104	213	1129	381	243	122	386	272	493	570	268	323	578	89	193	29	161	23	227	47	187	109	47	140	250
Unclassified_45(o__ML615J-28)	0	0	0	0	0	0	0	0	0	0	0	0	0	0	0	0	0	0	0	0	0	0	0	0	0	0	0	0	0	0	0	0	0	0	0	0	0	0	0	0	0	0	0	0	0	2	0	3	0	0	0	0	0	0	0	0	0	0	0	0	0	0	0	0	0	0	0	0	0	0	0	0	0	0	0	0	0	0	0	0	0	0	0	0	0	0	0	0	0	0	0	0	0	0	4	0	0	0	3	2	0	0	0	0	0	2	0	0	2	0	0	9	0	0	0	0	0	0	0	0
Unclassified_46(f__RFP12)	0	0	0	0	0	0	0	0	0	0	0	0	0	0	0	0	0	0	0	0	0	0	0	0	0	0	0	0	0	0	0	0	0	0	0	0	2	0	0	0	0	0	0	0	0	0	0	0	0	0	0	0	0	0	0	0	0	0	3	0	0	0	0	0	0	0	0	0	0	0	0	0	0	0	0	0	0	0	0	0	0	0	4	0	0	0	0	0	0	0	0	0	0	0	0	0	0	0	0	0	0	0	0	0	0	0	0	0	0	3	0	0	0	0	0	0	0	0	0	0
