index	unclassified	p__Actinobacteria	p__Bacteroidetes	p__Chlamydiae	p__Cyanobacteria	p__Deferribacteres	p__Fibrobacteres	p__Firmicutes	p__Fusobacteria	p__Proteobacteria	p__Spirochaetes	p__TM7	p__Tenericutes	p__Verrucomicrobia
Sample1	0	2	2	0	536	0	0	862	0	14722	0	0	0	0
Sample2	0	0	0	0	23	0	0	8994	0	7498	0	0	138	0
Sample3	0	36	30	0	19	0	0	5352	0	13383	0	0	89	0
Sample4	0	6	0	0	3	0	0	3936	0	5632	0	0	259	0
Sample5	0	0	0	0	4	0	0	3504	3	10315	0	0	230	0
Sample6	0	2	0	0	12	0	0	22348	0	3342	0	0	402	0
Sample7	0	0	0	0	7	0	0	18307	0	5245	0	0	9	0
Sample8	0	13	0	0	250	0	0	18522	0	6982	0	0	42	0
Sample9	0	37	6	0	51	0	0	28220	0	3686	0	0	83	0
Sample10	0	9	2	0	663	0	0	23188	0	2207	0	0	153	0
Sample11	0	0	0	0	20	0	0	20201	0	8794	0	0	163	0
Sample12	0	0	7	0	9	0	0	3076	0	18113	0	0	638	0
Sample13	0	8	0	0	482	0	0	28902	0	1227	0	0	161	0
Sample14	0	8	4	0	36	0	0	5245	17	9271	0	8	2532	0
Sample15	0	5	6	0	28	0	0	26230	0	3327	0	0	1008	0
Sample16	0	89	4	0	38	0	0	10199	16	5653	0	4	142	0
Sample17	0	5	2	0	20	0	0	7097	82	7362	0	0	2952	0
Sample18	0	13	8	0	78	0	0	26655	4	1837	0	0	459	0
Sample19	0	31	0	0	107	0	0	9950	0	6687	0	0	19	0
Sample20	0	262	35	0	8682	0	0	5144	2	7859	0	13	141	0
Sample21	0	66	14	0	803	0	0	28180	0	2512	0	0	859	0
Sample22	0	13	4	0	131	0	0	27246	3	2654	0	0	758	0
Sample23	0	3	0	0	135	0	0	32562	0	989	0	0	45	0
Sample24	0	5	0	0	269	0	0	24814	0	4275	2	0	168	0
Sample25	0	11	0	0	518	0	0	28483	0	874	0	0	367	0
Sample26	0	8	0	0	18	0	0	25886	0	1917	0	0	125	0
Sample27	0	8	0	0	71	0	0	25401	2	3089	0	0	76	0
Sample28	0	7	0	0	18	0	0	20989	0	2982	0	0	78	0
Sample29	0	2	2	0	12	0	0	7317	29	7861	0	0	107	0
Sample30	0	11	19	0	152	0	0	23373	7	4210	0	0	59	0
Sample31	0	332	2383	0	2	0	62	13096	0	569	129	2	324	0
Sample32	0	175	1500	2	0	0	8	18165	0	203	270	28	463	0
Sample33	0	168	3075	0	0	0	36	12384	0	298	494	2	219	0
Sample34	0	127	2082	0	0	0	18	9961	0	80	124	4	112	0
Sample35	0	326	2268	0	0	0	4	9946	0	41	74	4	149	0
Sample36	0	134	1795	0	0	0	1	7191	0	107	81	0	210	0
Sample37	0	370	4130	0	0	0	17	11234	0	163	544	5	264	2
Sample38	0	129	2580	0	0	0	25	13215	0	111	155	6	277	0
Sample39	0	177	2504	0	0	0	83	13640	0	32	220	7	275	0
Sample40	0	288	3796	0	3	0	3	10289	0	541	17	0	157	0
Sample41	0	357	2905	0	0	0	17	15375	0	1129	97	23	264	0
Sample42	0	181	3059	0	0	0	5	11835	0	106	150	2	156	0
Sample43	0	137	3958	0	0	0	21	13530	0	116	253	0	161	0
Sample44	2	246	3351	0	0	4	83	9655	0	114	213	5	315	0
Sample45	0	97	3198	2	0	0	12	8667	0	51	147	7	422	0
Sample46	0	234	2304	0	0	0	142	10765	0	117	934	2	150	0
Sample47	0	300	2347	0	0	0	2	13406	0	456	84	0	112	0
Sample48	2	681	2357	0	2	2	2	9601	0	159	41	3	193	0
Sample49	0	533	1250	0	2	0	10	14015	0	662	509	7	445	0
Sample50	0	432	3726	0	0	0	60	14482	0	194	182	2	162	0
Sample51	0	339	1940	0	0	0	9	16151	0	135	379	7	235	0
Sample52	0	230	585	0	2	0	0	7780	0	1608	85	0	97	0
Sample53	0	45	1391	0	0	0	0	11111	0	913	367	4	33	0
Sample54	0	162	932	0	12	0	3	11269	0	511	231	2	29	0
Sample55	0	285	177	0	0	0	2	19355	0	840	25	7	196	0
Sample56	0	154	702	0	0	0	0	10265	0	5600	472	0	115	0
Sample57	0	338	249	0	2	0	0	18864	0	780	7	0	311	0
Sample58	0	105	0	0	3	0	0	21761	0	133	0	0	0	0
Sample59	0	264	1472	0	2	0	3	13573	0	520	283	4	95	3
Sample60	0	144	8	0	0	0	0	19861	0	218	4	0	0	0
Sample61	0	34	3461	0	11	0	81	5642	0	270	16	0	125	0
Sample62	0	45	3402	0	84	0	3	12919	0	331	23	0	90	0
Sample63	0	24	3551	0	16	0	94	12381	0	475	185	0	85	0
Sample64	0	30	2218	0	21	0	0	11580	0	190	18	0	58	0
Sample65	0	43	2224	0	0	0	0	8003	0	1447	19	5	20	0
Sample66	2	23	3628	0	4	0	0	8776	0	2014	24	2	166	0
Sample67	0	18	1653	0	2	0	19	8556	0	1528	400	3	148	0
Sample68	0	20	494	0	0	0	0	9305	0	3080	15	0	128	0
Sample69	0	18	2056	0	4	0	5	7022	0	2353	79	47	203	0
Sample70	0	196	1668	0	0	0	0	11173	0	1897	6	0	94	0
Sample71	0	41	1267	0	0	0	5	6142	0	7670	39	45	192	0
Sample72	0	32	2775	0	128	0	0	6890	0	4337	41	0	96	0
Sample73	0	18	2123	0	2	0	12	5560	0	459	195	0	57	0
Sample74	0	196	1239	0	21	0	0	10272	0	326	15	4	72	0
Sample75	0	376	410	0	2	0	0	10245	0	6030	44	12	110	0
Sample76	0	400	772	0	3	0	0	16617	0	1271	157	7	766	0
Sample77	0	146	715	0	0	0	0	7937	0	1311	20	4	57	0
Sample78	0	1526	361	0	0	0	0	12337	0	523	37	2	146	0
Sample79	2	481	856	0	2	0	0	14205	0	1786	157	6	306	0
Sample80	0	2684	758	0	15	0	0	17252	0	1949	26	7	323	0
Sample81	0	133	362	0	8	0	0	9109	0	7789	46	4	112	0
Sample82	0	838	934	0	15	0	0	17148	0	1700	92	5	484	0
Sample83	0	262	3354	2	2	0	0	15961	0	1164	898	12	326	4
Sample84	0	177	249	0	0	0	0	13063	0	5662	39	2	76	0
Sample85	0	656	267	0	20	0	0	16342	0	4868	84	16	283	0
Sample86	0	427	1655	0	5	0	2	13264	0	1569	68	2	71	0
Sample87	0	561	1424	2	8	0	0	15884	0	1254	12	0	90	0
Sample88	0	196	1506	0	6	0	0	16816	0	1245	61	24	167	0
Sample89	0	69	1247	0	4	0	5	8809	0	2891	431	6	209	0
Sample90	0	587	786	51	8	0	2	16719	0	1365	126	15	378	0
Sample91	0	100	345	0	2	0	0	12160	0	544	40	0	581	0
Sample92	0	142	1076	2	3	0	2	15718	0	97	114	6	451	0
Sample93	0	119	1036	0	0	0	2	18446	0	88	231	0	307	0
Sample94	0	96	991	0	0	0	3	12174	0	76	76	2	232	0
Sample95	7	147	1896	0	3	0	3	16715	0	212	204	4	309	0
Sample96	0	302	2247	0	0	0	0	18975	0	256	382	12	1104	0
Sample97	3	85	874	0	7	0	0	12819	0	136	70	15	215	0
Sample98	0	186	1005	0	0	0	2	17039	0	1012	158	11	1134	0
Sample99	0	108	870	0	0	0	19	21342	0	961	93	10	384	0
Sample100	3	196	1372	0	6	0	2	16185	0	420	23	0	248	0
Sample101	0	132	440	0	7	0	0	17168	18	2119	142	6	122	0
Sample102	0	295	962	0	0	0	0	14493	0	5395	95	2	386	0
Sample103	9	243	1127	0	3	0	0	12522	0	6747	66	0	272	0
Sample104	2	168	1283	0	0	2	11	16824	0	3037	172	0	493	0
Sample105	2	161	637	0	0	0	4	20156	0	1164	106	0	573	0
Sample106	0	220	1842	0	0	10	16	13238	0	942	1210	0	270	0
Sample107	2	98	1015	3	0	0	0	19427	0	1365	309	0	323	0
Sample108	0	231	1105	0	11	0	0	17584	0	1589	35	0	578	0
Sample109	2	84	538	0	0	0	6	12664	0	7665	89	0	91	0
Sample110	0	145	470	0	2	0	0	11283	0	8014	29	2	193	3
Sample111	0	75	250	0	0	0	2	7963	0	16479	71	0	29	0
Sample112	4	106	1361	0	0	2	6	13472	0	2726	31	0	170	0
Sample113	0	75	328	0	10	0	2	14988	0	3765	48	0	23	0
Sample114	2	121	898	0	7	0	0	10760	0	9722	105	0	227	0
Sample115	0	70	210	0	0	0	0	4579	0	10851	33	0	51	0
Sample116	4	109	2412	0	0	0	0	14653	0	792	148	2	187	0
Sample117	5	182	1665	0	0	0	6	13917	0	1546	667	2	109	0
Sample118	0	242	1413	2	0	0	12	8891	0	592	303	0	47	0
Sample119	3	78	1653	0	0	0	0	15186	0	1032	965	2	142	0
Sample120	5	138	2713	0	3	0	11	16276	0	2058	1257	5	250	0
